53.3555894652483 407.82700282936275
53.3555894652483 -951.3686982838321
53.3555894652483 -223.14517471029012
53.3555894652483 2982.569229977744
53.3555894652483 2379.741358314317
53.3555894652483 1467.4863191685627
53.3555894652483 1328.2205287762172
53.3555894652483 -4823.082698243064
53.3555894652483 85.67680931741052
53.3555894652483 -3449.0382671313737
53.3555894652483 -1989.5610718067755
53.3555894652483 -1278.4513769901405
53.3555894652483 -473.89604657450036
53.3555894652483 -2753.2186909842203
53.3555894652483 1298.979116830651
53.3555894652483 1064.0439534814996
53.3555894652483 2664.1602784196302
53.3555894652483 -3666.2358116486103
53.3555894652483 -789.1270570698316
53.3555894652483 3081.0713043635715
53.3555894652483 2188.158452637501
53.3555894652483 4997.238662465996
53.3555894652483 -352.6813501195911
53.3555894652483 952.2805935569631
53.3555894652483 -2882.553118191571
53.3555894652483 765.9162814110496
53.3555894652483 3975.699970788146
53.3555894652483 4857.731330402261
53.3555894652483 -1242.4060531475834
53.3555894652483 -745.4234229442045
53.3555894652483 699.4180870122991
53.3555894652483 2342.715905524894
53.3555894652483 2987.6892383334352
53.3555894652483 30.50504958311012
53.3555894652483 -2091.4328677201743
53.3555894652483 -4615.489845528141
53.3555894652483 2481.4857880552518
53.3555894652483 1874.0857636702467
53.3555894652483 -1670.052822772731
53.3555894652483 3511.578625068416
53.3555894652483 151.68133885804218
53.3555894652483 -3697.393283841099
53.3555894652483 -4208.638297037682
53.3555894652483 3714.322235522037
53.3555894652483 -2954.4280447889028
106.7111789304966 989.4899034004238
106.7111789304966 -1366.3418392746007
106.7111789304966 1673.8744852027203
106.7111789304966 1180.900249190683
106.7111789304966 -948.0740841270954
106.7111789304966 16.538394668995352
106.7111789304966 -4571.506540556141
106.7111789304966 -1653.2109384669102
106.7111789304966 -4374.598907885392
106.7111789304966 -1577.851861368733
106.7111789304966 1880.2652250388583
106.7111789304966 4002.0327374318786
106.7111789304966 298.14024261955547
106.7111789304966 -99.72862903715031
106.7111789304966 4637.137922034073
106.7111789304966 -1676.54614814552
106.7111789304966 869.2325959610043
106.7111789304966 2315.980185049454
106.7111789304966 -2720.8256996231626
106.7111789304966 -2250.3486513613925
106.7111789304966 -3494.6078563323467
106.7111789304966 2675.254236071446
106.7111789304966 -694.3012317494467
106.7111789304966 -4835.305779258294
106.7111789304966 4530.596154386103
106.7111789304966 -963.060795940366
106.7111789304966 1110.6456819590394
106.7111789304966 743.1597151188407
106.7111789304966 -602.65135385943
106.7111789304966 -148.9633626301511
106.7111789304966 78.27262199356119
106.7111789304966 -2050.649013936716
106.7111789304966 331.42592978015546
106.7111789304966 0.281162033761575
106.7111789304966 4078.6567172015257
106.7111789304966 -3732.179284402928
106.7111789304966 2386.673618426269
106.7111789304966 -1375.4825568426309
106.7111789304966 -4630.630787819084
106.7111789304966 -441.680311927852
106.7111789304966 -4183.253494799979
106.7111789304966 -1643.580539266889
106.7111789304966 2649.6096038039123
106.7111789304966 558.7222099565015
106.7111789304966 -370.4455229883115
213.4223578609932 -4007.960498534424
213.4223578609932 4638.711209621297
213.4223578609932 234.20708498600652
213.4223578609932 -1494.8460614336923
213.4223578609932 -1118.926715038846
213.4223578609932 -832.4498135844406
213.4223578609932 166.28068321092996
213.4223578609932 -559.623148931114
213.4223578609932 -1040.2345815502244
213.4223578609932 -875.3105950309991
213.4223578609932 248.09799153043605
213.4223578609932 -1843.3156113917257
213.4223578609932 -3106.321024421941
213.4223578609932 -4013.094525209674
213.4223578609932 2650.1731498559366
213.4223578609932 1887.6733792417544
213.4223578609932 4710.90586044024
213.4223578609932 -503.1022154234752
213.4223578609932 2573.2501105182946
213.4223578609932 -4391.496381815283
213.4223578609932 -2114.6198876534017
213.4223578609932 852.0034362714778
213.4223578609932 -4668.398837795688
213.4223578609932 3354.566705500545
213.4223578609932 -3538.032445349436
213.4223578609932 -2402.1255667436712
213.4223578609932 -1332.725554848716
213.4223578609932 705.8898308791549
213.4223578609932 4807.062521770229
213.4223578609932 -4298.539080831417
213.4223578609932 2290.562921855427
213.4223578609932 -1488.7303482509951
213.4223578609932 2750.263586926362
213.4223578609932 -3860.06528177156
213.4223578609932 1291.5146240219547
213.4223578609932 -1867.7545545567496
213.4223578609932 -3978.403951984958
213.4223578609932 -4896.852661689315
213.4223578609932 -1752.8534415343734
213.4223578609932 -3306.847029882223
213.4223578609932 872.8712205674346
213.4223578609932 474.72227361979185
213.4223578609932 -1410.2256036171502
213.4223578609932 1792.3220687664889
213.4223578609932 1133.1757708140176
426.8447157219864 2369.108886254613
426.8447157219864 1086.8834571893385
426.8447157219864 725.5703786288896
426.8447157219864 -2822.272928601618
426.8447157219864 4890.949352969559
426.8447157219864 3204.3403050516954
426.8447157219864 -4504.443179913104
426.8447157219864 -4307.015199395832
426.8447157219864 -2432.6659881731794
426.8447157219864 -2115.164766538371
426.8447157219864 -4011.349478229578
426.8447157219864 3959.2802368444572
426.8447157219864 -2640.5251575565912
426.8447157219864 2719.460628447813
426.8447157219864 -4173.816789753377
426.8447157219864 2714.4255776082746
426.8447157219864 4383.438824105624
426.8447157219864 -2745.0668296300164
426.8447157219864 1612.647995467656
426.8447157219864 -4465.770318192255
426.8447157219864 731.3431860845221
426.8447157219864 -707.5908542215666
426.8447157219864 2069.1274251771692
426.8447157219864 -2019.6288316475698
426.8447157219864 2147.176544894971
426.8447157219864 -4510.259460176794
426.8447157219864 -342.1736152120311
426.8447157219864 2404.7550945876046
426.8447157219864 -4090.4964621353333
426.8447157219864 4474.359558447655
426.8447157219864 -4992.606595631729
426.8447157219864 1021.7119494981453
426.8447157219864 2590.409749571635
426.8447157219864 3531.7467181446264
426.8447157219864 -3826.7184699400923
426.8447157219864 1719.1767650612373
426.8447157219864 -1617.0867319676095
426.8447157219864 1380.9714654754098
426.8447157219864 53.50030932205118
426.8447157219864 2722.809287972129
426.8447157219864 -2044.4954700809226
426.8447157219864 3557.037076473138
426.8447157219864 4925.821401783016
426.8447157219864 -3642.6350744681113
426.8447157219864 -833.0937183534279
853.6894314439728 -676.3130740363422
853.6894314439728 2288.606057538508
853.6894314439728 -4144.406069808674
853.6894314439728 3929.6551912047653
853.6894314439728 -2249.3787801794497
853.6894314439728 -968.9992528175726
853.6894314439728 -4127.532360672774
853.6894314439728 890.6858078696041
853.6894314439728 -205.97572052775104
853.6894314439728 -4638.402325245007
853.6894314439728 -2260.5596080484825
853.6894314439728 -3716.4681900520327
853.6894314439728 1295.7839285369246
853.6894314439728 -2631.6905044338555
853.6894314439728 4394.568702161119
853.6894314439728 1264.5918281469112
853.6894314439728 -299.764117028104
853.6894314439728 -2718.561761474314
853.6894314439728 3951.935876119971
853.6894314439728 4107.475476197655
853.6894314439728 2960.438758463958
853.6894314439728 -1461.3053527794582
853.6894314439728 3973.5910149410465
853.6894314439728 -3671.8479646397436
853.6894314439728 1297.4129290448082
853.6894314439728 -2145.4876336010807
853.6894314439728 -578.551042757781
853.6894314439728 -4165.371718154657
853.6894314439728 -3263.0226757582604
853.6894314439728 -2720.6926526826046
853.6894314439728 -4676.922896169613
853.6894314439728 8.138617455550047
853.6894314439728 3359.3539536716708
853.6894314439728 1766.6839247031903
853.6894314439728 2140.9381253145184
853.6894314439728 -2907.6966378420275
853.6894314439728 -1124.879302025267
853.6894314439728 -4625.391774439506
853.6894314439728 -2293.390882843488
853.6894314439728 2281.356115234551
853.6894314439728 -2397.7587259950883
853.6894314439728 2366.7742007186534
853.6894314439728 2895.8833353331547
853.6894314439728 -2884.992059540046
853.6894314439728 -1216.3653137309516
1707.3788628879456 -796.679160096839
1707.3788628879456 -2704.7279934125136
1707.3788628879456 2621.2774053914427
1707.3788628879456 4773.890023261893
1707.3788628879456 684.3681207248455
1707.3788628879456 3427.909003501787
1707.3788628879456 2436.369287008283
1707.3788628879456 962.1801870883965
1707.3788628879456 3791.993542074326
1707.3788628879456 1202.174489061922
1707.3788628879456 -2417.5777941581687
1707.3788628879456 -2217.257607246247
1707.3788628879456 2242.5223569350546
1707.3788628879456 -4788.181073197526
1707.3788628879456 -4934.4220035843855
1707.3788628879456 3678.2203494662535
1707.3788628879456 -1830.5709194976685
1707.3788628879456 4327.930977549415
1707.3788628879456 -333.19251174381407
1707.3788628879456 -2385.900160123512
1707.3788628879456 -1849.2568408318234
1707.3788628879456 -2264.6724362997693
1707.3788628879456 -3063.9574398135446
1707.3788628879456 -4322.909506421039
1707.3788628879456 -4408.9529384854195
1707.3788628879456 -4965.735599080704
1707.3788628879456 -2130.6138882475943
1707.3788628879456 -3663.6766614846347
1707.3788628879456 4267.21211231304
1707.3788628879456 -4857.901166853802
1707.3788628879456 -890.8646672662771
1707.3788628879456 -781.8837570624191
1707.3788628879456 604.8661599495954
1707.3788628879456 -4203.722904728516
1707.3788628879456 4771.930905339044
1707.3788628879456 1037.2631498266264
1707.3788628879456 -1840.4140885149832
1707.3788628879456 -3813.7364741980196
1707.3788628879456 1487.7614499065548
1707.3788628879456 -3127.0482075627724
1707.3788628879456 -2730.055531935851
1707.3788628879456 2506.8074239347507
1707.3788628879456 2496.4005058229923
1707.3788628879456 1918.9741039571127
1707.3788628879456 1702.8705322469232
3414.7577257758912 -2395.56002597082
3414.7577257758912 -720.3161677761882
3414.7577257758912 -1067.3236245009098
3414.7577257758912 4717.649524807321
3414.7577257758912 442.99907994205023
3414.7577257758912 1899.7452547557023
3414.7577257758912 356.68604699271873
3414.7577257758912 271.17646828340276
3414.7577257758912 3393.3263200803285
3414.7577257758912 -4879.531838460033
3414.7577257758912 3232.905532683022
3414.7577257758912 -1953.9979371570957
3414.7577257758912 4806.296862872992
3414.7577257758912 3148.727143843161
3414.7577257758912 -3520.7598359443004
3414.7577257758912 4414.9030552691365
3414.7577257758912 -1932.7156286569402
3414.7577257758912 -4920.971119182907
3414.7577257758912 4479.617350317998
3414.7577257758912 3463.882843180796
3414.7577257758912 977.4918457805106
3414.7577257758912 -3316.8333023514588
3414.7577257758912 -2587.3345343053743
3414.7577257758912 1912.9736958051571
3414.7577257758912 3453.091867789235
3414.7577257758912 -4707.037358763923
3414.7577257758912 -2596.158691728728
3414.7577257758912 1788.5067911243295
3414.7577257758912 4089.1335434622724
3414.7577257758912 4091.344749828322
3414.7577257758912 -3105.853014321545
3414.7577257758912 -1639.6450766932767
3414.7577257758912 -1148.079889567407
3414.7577257758912 -1803.5293857922006
3414.7577257758912 1267.9573120221276
3414.7577257758912 1064.8927500934124
3414.7577257758912 -1522.663239045763
3414.7577257758912 188.00063691639116
3414.7577257758912 4133.792965562441
3414.7577257758912 1177.5192987120954
3414.7577257758912 -3693.0161012700937
3414.7577257758912 2006.0087270746362
3414.7577257758912 -4471.778653501055
3414.7577257758912 2963.8547751804626
3414.7577257758912 -4760.954894537672
6829.5154515517825 -457.6669635052767
6829.5154515517825 -4281.832692565066
6829.5154515517825 213.79572103252212
6829.5154515517825 2989.8487816193756
6829.5154515517825 -522.1491274521031
6829.5154515517825 -108.3641228086708
6829.5154515517825 -883.1377403935112
6829.5154515517825 -1483.540260928652
6829.5154515517825 -559.4649811058698
6829.5154515517825 -6.9934386051727415
6829.5154515517825 4352.764606583365
6829.5154515517825 -211.57875140727447
6829.5154515517825 -2941.835525000721
6829.5154515517825 402.0864921489065
6829.5154515517825 4975.9382356981005
6829.5154515517825 -1840.3268605684452
6829.5154515517825 -3830.9650802977394
6829.5154515517825 -3449.278652025314
6829.5154515517825 -4163.444324994101
6829.5154515517825 -1465.4135111222986
6829.5154515517825 3283.0076807866826
6829.5154515517825 -4429.522893721249
6829.5154515517825 1431.664032445461
6829.5154515517825 2762.9392772967185
6829.5154515517825 -1672.0107598309974
6829.5154515517825 -935.2724405374802
6829.5154515517825 4114.887141221392
6829.5154515517825 342.592978788839
6829.5154515517825 -3344.9825031625724
6829.5154515517825 504.62047436412377
6829.5154515517825 698.7701898128626
6829.5154515517825 3374.965750813524
6829.5154515517825 3955.560584001487
6829.5154515517825 3852.501080631826
6829.5154515517825 1088.8017340458255
6829.5154515517825 -983.5530477673105
6829.5154515517825 247.29096541525178
6829.5154515517825 3690.6227799726767
6829.5154515517825 -798.4596216124291
6829.5154515517825 -3605.6995087112173
6829.5154515517825 1242.6040057653036
6829.5154515517825 1123.4910194175181
6829.5154515517825 2794.5778986732294
6829.5154515517825 1798.6791189765117
6829.5154515517825 -4782.338460408503
13659.030903103565 1536.0778767938464
13659.030903103565 953.7281814126818
13659.030903103565 4691.846644442076
13659.030903103565 3311.608878095485
13659.030903103565 -119.76129077149108
13659.030903103565 2391.098631315056
13659.030903103565 424.7402257017684
13659.030903103565 -4406.262763037739
13659.030903103565 3129.0543793089264
13659.030903103565 1620.8696980947816
13659.030903103565 -2954.4683830674744
13659.030903103565 345.1304968763043
13659.030903103565 67.12981950908488
13659.030903103565 -1125.4734172901117
13659.030903103565 -792.0700950050077
13659.030903103565 2015.415377250848
13659.030903103565 -4171.59443037291
13659.030903103565 -2707.8111129091885
13659.030903103565 -4176.230555122498
13659.030903103565 -1994.659812947943
13659.030903103565 -4556.493057508816
13659.030903103565 -3820.310890840414
13659.030903103565 -3124.674977515042
13659.030903103565 -1985.4526836421205
13659.030903103565 2644.076447292413
13659.030903103565 4777.9898563002735
13659.030903103565 2341.1862338199653
13659.030903103565 3254.2696147572606
13659.030903103565 3642.2324259478664
13659.030903103565 285.0224717971687
13659.030903103565 -2000.258528866109
13659.030903103565 2181.612514687963
13659.030903103565 4067.812196132334
13659.030903103565 3658.237129380037
13659.030903103565 234.21204128340923
13659.030903103565 -3069.0958025345108
13659.030903103565 -589.5316761301629
13659.030903103565 1689.2783662840047
13659.030903103565 -4560.3559086530995
13659.030903103565 4609.597820074534
13659.030903103565 767.5224771856974
13659.030903103565 639.547554907519
13659.030903103565 -3744.575054493129
13659.030903103565 -2561.5544066783204
13659.030903103565 -2717.565961611975
27318.06180620713 -1638.5727344320735
27318.06180620713 -3509.9439008250674
27318.06180620713 -3349.9620465462513
27318.06180620713 -3854.355749963128
27318.06180620713 -502.1654235614651
27318.06180620713 1139.954161946901
27318.06180620713 -1821.6450908615002
27318.06180620713 -1988.990574592875
27318.06180620713 -226.6625965280491
27318.06180620713 -707.3873830886769
27318.06180620713 -217.52967601747423
27318.06180620713 -2364.635679789272
27318.06180620713 2373.976826237509
27318.06180620713 4897.226768000857
27318.06180620713 3809.958287083018
27318.06180620713 -4637.39068001916
27318.06180620713 2006.9328542442863
27318.06180620713 -4057.4700010282218
27318.06180620713 1918.8972978089805
27318.06180620713 -645.9229493449438
27318.06180620713 -3794.5849084370543
27318.06180620713 3889.3365216020775
27318.06180620713 2174.7327942256024
27318.06180620713 466.31388042297567
27318.06180620713 2864.036286728857
27318.06180620713 -3393.752655230952
27318.06180620713 -1352.0015061555537
27318.06180620713 1471.1821263159327
27318.06180620713 1708.0526750414456
27318.06180620713 3623.613219987017
27318.06180620713 -4226.27745633341
27318.06180620713 -797.3299356315356
27318.06180620713 1542.8962126340093
27318.06180620713 4195.920710000904
27318.06180620713 74.78733838414792
27318.06180620713 -4473.149697469044
27318.06180620713 2860.7600858723818
27318.06180620713 716.368287055484
27318.06180620713 -4120.751345448302
27318.06180620713 1305.5875245524003
27318.06180620713 4644.572976580877
27318.06180620713 -4051.2151618412663
27318.06180620713 2822.164275692502
27318.06180620713 4109.7556523089115
27318.06180620713 4841.733033578912
54636.12361241426 -3716.843778536085
54636.12361241426 -2705.2929670641047
54636.12361241426 4697.605077918801
54636.12361241426 2111.1234015698774
54636.12361241426 4362.676785158634
54636.12361241426 -2565.097214571613
54636.12361241426 -3812.689559855489
54636.12361241426 -2079.220802314693
54636.12361241426 4548.644945135617
54636.12361241426 2818.2837175245713
54636.12361241426 4340.755588948348
54636.12361241426 1254.59690226761
54636.12361241426 3266.354965379225
54636.12361241426 -3825.151310458259
54636.12361241426 4180.4567530528675
54636.12361241426 -2022.0135663705728
54636.12361241426 3129.458030117975
54636.12361241426 2534.088852286094
54636.12361241426 -22.2807346249665
54636.12361241426 -2243.163742842943
54636.12361241426 -530.686270962965
54636.12361241426 -4396.74181793808
54636.12361241426 -2601.5558660678685
54636.12361241426 -3928.9673978679375
54636.12361241426 2560.4173767283974
54636.12361241426 -3181.4920447932673
54636.12361241426 810.5486301881729
54636.12361241426 4143.588278426245
54636.12361241426 2092.9294150187397
54636.12361241426 -1236.644731727783
54636.12361241426 4087.240119545768
54636.12361241426 -2221.4335573483645
54636.12361241426 2153.3173541424367
54636.12361241426 2307.577600413314
54636.12361241426 1318.7871168994625
54636.12361241426 2708.748880698012
54636.12361241426 -103.98755347870792
54636.12361241426 -3461.049791840073
54636.12361241426 -2656.8934516699637
54636.12361241426 -3982.7979659619373
54636.12361241426 1694.757119980819
54636.12361241426 -1359.2885979754997
54636.12361241426 1723.4722367153636
54636.12361241426 2918.8385030684713
54636.12361241426 3512.741758889215
109272.24722482852 2200.7017603478116
109272.24722482852 -166.6162244703337
109272.24722482852 -4452.508034408085
109272.24722482852 -4685.541033645736
109272.24722482852 4673.233409438448
109272.24722482852 493.64893603406927
109272.24722482852 4487.896452565594
109272.24722482852 2698.6094792192807
109272.24722482852 4232.3416055284415
109272.24722482852 -1287.5423899721882
109272.24722482852 4915.777522846793
109272.24722482852 1120.5532568137087
109272.24722482852 -3008.296348922499
109272.24722482852 4485.083604984673
109272.24722482852 -4806.879533241033
109272.24722482852 -1347.9168884002602
109272.24722482852 -3240.234025460645
109272.24722482852 3251.1174538148825
109272.24722482852 2471.989674943954
109272.24722482852 -2763.3647107096417
109272.24722482852 1175.189579499507
109272.24722482852 -1156.5551794803619
109272.24722482852 -2256.9549742421623
109272.24722482852 1662.0129690639742
109272.24722482852 1843.2694739031276
109272.24722482852 -2887.9629146708976
109272.24722482852 -4743.22293209884
109272.24722482852 -1702.5496552601871
109272.24722482852 -4639.0238761404935
109272.24722482852 2210.981963783919
109272.24722482852 864.9426457120944
109272.24722482852 -1514.8655039636683
109272.24722482852 -3431.924754466359
109272.24722482852 734.3980281289087
109272.24722482852 268.2646033604833
109272.24722482852 1736.4658322966043
109272.24722482852 3662.8801359310473
109272.24722482852 3454.0063288013753
109272.24722482852 4565.05804065218
109272.24722482852 4232.729406436785
109272.24722482852 -3818.090924055848
109272.24722482852 -3314.1723838079906
109272.24722482852 2507.3228636024487
109272.24722482852 1855.6570233272687
109272.24722482852 -2598.165758921711
218544.49444965704 1131.7404280060591
218544.49444965704 1673.4259075892905
218544.49444965704 -3118.352334571239
218544.49444965704 -3586.7863214827175
218544.49444965704 4845.242068911968
218544.49444965704 -2861.620782543264
218544.49444965704 -4346.695327353082
218544.49444965704 -4439.851307515871
218544.49444965704 1868.0085718506953
218544.49444965704 -2347.43263465547
218544.49444965704 -4704.022739901804
218544.49444965704 -682.4056405188958
218544.49444965704 -3655.168348919705
218544.49444965704 -286.5029883477855
218544.49444965704 3510.6325918168604
218544.49444965704 3349.4634109384806
218544.49444965704 -622.2742205511586
218544.49444965704 2832.2636326858483
218544.49444965704 281.5305324160454
218544.49444965704 -1814.67143749072
218544.49444965704 1155.1230485227488
218544.49444965704 661.9166386177367
218544.49444965704 125.93179693787897
218544.49444965704 1711.2037734847017
218544.49444965704 -606.6784496401624
218544.49444965704 3815.5869020223363
218544.49444965704 -248.40253450844466
218544.49444965704 -3138.895940866291
218544.49444965704 -2368.648817786989
218544.49444965704 4661.730261578819
218544.49444965704 -2366.7302870689764
218544.49444965704 -376.6334853296603
218544.49444965704 4754.770970935308
218544.49444965704 2155.1526586432037
218544.49444965704 4129.929713750216
218544.49444965704 -198.19679493613603
218544.49444965704 -1010.0330892506136
218544.49444965704 3216.794572011384
218544.49444965704 -3308.005570750426
218544.49444965704 -2882.3563109133934
218544.49444965704 -1549.5014407685248
218544.49444965704 1668.2864324770426
218544.49444965704 1364.0758062955101
218544.49444965704 -2375.391952100739
218544.49444965704 66.05591671649745
437088.9888993141 1340.4449572152153
437088.9888993141 3347.5459526588784
437088.9888993141 -2967.100869103986
437088.9888993141 -3474.8200054365616
437088.9888993141 4792.091309302799
437088.9888993141 2837.164341651186
437088.9888993141 -1104.2947107294221
437088.9888993141 2981.2794716932676
437088.9888993141 2581.5623804073302
437088.9888993141 -4453.312452602318
437088.9888993141 2629.3756010113075
437088.9888993141 4572.843519166592
437088.9888993141 -2118.5207570399134
437088.9888993141 -2497.4058360818617
437088.9888993141 -1680.614129315251
437088.9888993141 3001.7496270097536
437088.9888993141 -4735.594646194098
437088.9888993141 1250.3151502657092
437088.9888993141 -591.4528775562021
437088.9888993141 3400.7898073194337
437088.9888993141 -2338.3126078975024
437088.9888993141 930.2124000326803
437088.9888993141 4336.385861898156
437088.9888993141 -301.5495183711737
437088.9888993141 1748.0609336590132
437088.9888993141 4518.116014907146
437088.9888993141 -2829.5012519835027
437088.9888993141 3734.2103968844804
437088.9888993141 -275.31031648837234
437088.9888993141 -2643.072187308525
437088.9888993141 -480.40426639326597
437088.9888993141 -1619.792037717892
437088.9888993141 -2499.71098218977
437088.9888993141 -3263.82310397378
437088.9888993141 -4854.1839812281005
437088.9888993141 -3574.5178482304086
437088.9888993141 -3952.531275369475
437088.9888993141 1014.7529008431557
437088.9888993141 3732.978818601563
437088.9888993141 2688.8013786736656
437088.9888993141 1978.6607646940047
437088.9888993141 -284.0174553257957
437088.9888993141 -3095.9904631078894
437088.9888993141 -798.1541987465225
437088.9888993141 3176.4276133873855
874177.9777986282 3648.896380926144
874177.9777986282 346.881874926371
874177.9777986282 1941.4579695753073
874177.9777986282 -99.2294477484611
874177.9777986282 -695.3708377874136
874177.9777986282 2167.342366337216
874177.9777986282 -1440.2010358200137
874177.9777986282 -3665.6805538619997
874177.9777986282 2728.930928605161
874177.9777986282 -1940.6014094497946
874177.9777986282 -261.8442829490432
874177.9777986282 -1330.0997129099792
874177.9777986282 -3309.832293981058
874177.9777986282 -1067.4220711735848
874177.9777986282 -2622.169627701182
874177.9777986282 -2697.990544121259
874177.9777986282 -3898.8639912500003
874177.9777986282 4547.11294416829
874177.9777986282 -2770.737849752338
874177.9777986282 3130.4943452393345
874177.9777986282 -1630.11241864656
874177.9777986282 4067.8668948090562
874177.9777986282 3215.3364393983593
874177.9777986282 3483.773433888333
874177.9777986282 2567.2917805602456
874177.9777986282 1643.6451214810413
874177.9777986282 4673.851850369274
874177.9777986282 -3291.1497038120406
874177.9777986282 -4033.1328529143093
874177.9777986282 1784.0564915167233
874177.9777986282 -4893.299451094654
874177.9777986282 -4990.995026986416
874177.9777986282 4072.230891211484
874177.9777986282 -4304.448153749262
874177.9777986282 3558.9979903160784
874177.9777986282 -2452.0351264348806
874177.9777986282 -4925.863156542579
874177.9777986282 -1704.8385245894028
874177.9777986282 -2587.9113042068334
874177.9777986282 1744.3803560894203
874177.9777986282 2079.7274198756195
874177.9777986282 -2482.998110268244
874177.9777986282 -1607.5554216144315
874177.9777986282 -2412.5674743741056
874177.9777986282 4158.226525791666
1748355.9555972563 -3232.9563216147317
1748355.9555972563 4886.462837067331
1748355.9555972563 -2605.4356260597365
1748355.9555972563 -2508.354347044701
1748355.9555972563 1914.8438878033803
1748355.9555972563 -3084.9591955833175
1748355.9555972563 3708.7133338153126
1748355.9555972563 -1371.5686161823724
1748355.9555972563 -779.6728609432257
1748355.9555972563 688.1021126996038
1748355.9555972563 1003.4756779241434
1748355.9555972563 723.7368103021527
1748355.9555972563 1255.1970754660324
1748355.9555972563 2750.1319412599287
1748355.9555972563 1665.744255715048
1748355.9555972563 -1601.7347066885823
1748355.9555972563 -543.6772873800619
1748355.9555972563 1498.5379192281125
1748355.9555972563 -2493.573750903747
1748355.9555972563 461.3183666906925
1748355.9555972563 -1492.6193941793763
1748355.9555972563 -4993.709498297444
1748355.9555972563 -2475.5896986556845
1748355.9555972563 -2070.963304913573
1748355.9555972563 3701.7257632635465
1748355.9555972563 3362.1195146275295
1748355.9555972563 894.7110296675019
1748355.9555972563 4295.083794106327
1748355.9555972563 -2370.5645416109332
1748355.9555972563 2924.876305069647
1748355.9555972563 -668.7958134105447
1748355.9555972563 -3133.5932097853483
1748355.9555972563 -1352.7891795110681
1748355.9555972563 4193.017962660699
1748355.9555972563 -4313.401515719445
1748355.9555972563 4295.796403968567
1748355.9555972563 2597.688210794635
1748355.9555972563 -1775.942759938559
1748355.9555972563 4655.605119847878
1748355.9555972563 -2204.523540622425
1748355.9555972563 2553.866052667413
1748355.9555972563 -4801.925557504172
1748355.9555972563 2081.3001180724477
1748355.9555972563 4588.497431594042
1748355.9555972563 1599.7399125506272
3496711.9111945126 2213.8484338718645
3496711.9111945126 -383.8945713988951
3496711.9111945126 2970.120498623458
3496711.9111945126 -4247.560675219785
3496711.9111945126 -3067.7420239142816
3496711.9111945126 -4149.799926727767
3496711.9111945126 4925.063913715294
3496711.9111945126 1535.665160094697
3496711.9111945126 1812.4698163739758
3496711.9111945126 -3825.313269716506
3496711.9111945126 -1123.4501396699116
3496711.9111945126 -1512.1192693587404
3496711.9111945126 1401.5836442231566
3496711.9111945126 -766.3381595233132
3496711.9111945126 -4046.217567464735
3496711.9111945126 -7.437375140793847
3496711.9111945126 -3411.731329975988
3496711.9111945126 -1292.8266214979335
3496711.9111945126 -164.82163581961322
3496711.9111945126 -1221.2588716595405
3496711.9111945126 247.6083293239053
3496711.9111945126 722.6716151580267
3496711.9111945126 -2510.589922248083
3496711.9111945126 -2398.3455949721556
3496711.9111945126 1046.0203468623204
3496711.9111945126 -3644.247980285135
3496711.9111945126 -2603.0964277477174
3496711.9111945126 73.74922117900405
3496711.9111945126 -557.2355754685223
3496711.9111945126 4877.589805408101
3496711.9111945126 2986.371519957982
3496711.9111945126 -98.1821180775296
3496711.9111945126 -416.62332515308753
3496711.9111945126 -94.80955199396158
3496711.9111945126 1517.0914589558615
3496711.9111945126 -4774.105210244188
3496711.9111945126 -4199.157527388576
3496711.9111945126 4430.547161304648
3496711.9111945126 249.95643785389893
3496711.9111945126 -2727.247114032765
3496711.9111945126 2280.357319795865
3496711.9111945126 311.1845478585865
3496711.9111945126 -3898.7257384665318
3496711.9111945126 -3142.196625753255
3496711.9111945126 -2169.535588169045
6993423.822389025 -4579.811692985248
6993423.822389025 -4866.9179060019715
6993423.822389025 -4594.946702961723
6993423.822389025 2313.753591804729
6993423.822389025 -4825.860069592758
6993423.822389025 -552.0799152516356
6993423.822389025 -2133.120091136469
6993423.822389025 911.1371971800863
6993423.822389025 3820.9262061780973
6993423.822389025 1962.511094712463
6993423.822389025 4747.404820658097
6993423.822389025 4545.484620520381
6993423.822389025 2872.6339269133896
6993423.822389025 1433.6445867119319
6993423.822389025 -1001.1181674428472
6993423.822389025 2773.621661782993
6993423.822389025 4876.38216595184
6993423.822389025 3185.115543896288
6993423.822389025 -2207.7631783875586
6993423.822389025 2642.5747262257655
6993423.822389025 1062.068949989808
6993423.822389025 1614.5721664948223
6993423.822389025 -18.68745241257602
6993423.822389025 1569.3531309507143
6993423.822389025 -106.84943366028983
6993423.822389025 -474.08796301071834
6993423.822389025 4584.633013089933
6993423.822389025 1398.0549907620598
6993423.822389025 -675.2893608480845
6993423.822389025 2355.388763707132
6993423.822389025 4324.255454865059
6993423.822389025 -1443.2064568214141
6993423.822389025 -2991.8727975847537
6993423.822389025 3521.7709956110757
6993423.822389025 157.44791212334985
6993423.822389025 643.7912448739289
6993423.822389025 -4544.222424045615
6993423.822389025 -3307.7124509870346
6993423.822389025 -1755.1667887996746
6993423.822389025 -4580.636611689687
6993423.822389025 -3480.313602252242
6993423.822389025 -3641.59732096057
6993423.822389025 -815.5501348274192
6993423.822389025 3431.9877774330707
6993423.822389025 -1343.6748625164473
13986847.64477805 -3318.3685211518896
13986847.64477805 3750.417845729873
13986847.64477805 -4747.818957251513
13986847.64477805 4917.256776216422
13986847.64477805 -145.62422492004316
13986847.64477805 283.02411938150453
13986847.64477805 -1347.6580338087606
13986847.64477805 3252.4030147784615
13986847.64477805 4941.095475240099
13986847.64477805 368.2399944211338
13986847.64477805 4716.2838775963755
13986847.64477805 2462.3799304005897
13986847.64477805 1603.0526397307867
13986847.64477805 -4035.675419858228
13986847.64477805 -2429.157824222313
13986847.64477805 -1895.4080725434287
13986847.64477805 -221.6744744892576
13986847.64477805 2907.2384636951
13986847.64477805 950.2683212606344
13986847.64477805 3791.8160780650687
13986847.64477805 -261.2486628653214
13986847.64477805 -3991.993816272227
13986847.64477805 -2857.4215236162213
13986847.64477805 2824.4385013381943
13986847.64477805 -712.2290987630968
13986847.64477805 1216.6978419225343
13986847.64477805 4677.938904226796
13986847.64477805 3338.7463321519535
13986847.64477805 -4320.753176559716
13986847.64477805 3929.6638370993223
13986847.64477805 903.9449026374414
13986847.64477805 3611.126504852429
13986847.64477805 3481.2882441305646
13986847.64477805 -92.83973099966443
13986847.64477805 -3497.0855284216095
13986847.64477805 -4237.527650299821
13986847.64477805 -803.1615141147804
13986847.64477805 3795.0422271719635
13986847.64477805 -3162.9035085279966
13986847.64477805 -1572.2780672062718
13986847.64477805 -4295.129379192729
13986847.64477805 4364.217163689198
13986847.64477805 4090.8904006754456
13986847.64477805 -4989.174901397269
13986847.64477805 -1736.6426951345438
27973695.2895561 889.0487371157005
27973695.2895561 -2717.1830791587404
27973695.2895561 -2064.836240872258
27973695.2895561 -4607.88848420596
27973695.2895561 -1230.6097753676672
27973695.2895561 4534.826821671744
27973695.2895561 263.9357495331251
27973695.2895561 3076.9784195662196
27973695.2895561 -146.38912830770641
27973695.2895561 -1872.6310594900797
27973695.2895561 2308.598096695747
27973695.2895561 2635.824265041666
27973695.2895561 -464.76885024608237
27973695.2895561 1843.8812038275628
27973695.2895561 271.9964377357019
27973695.2895561 -198.2375169431425
27973695.2895561 4058.9410416708142
27973695.2895561 14.3196478166019
27973695.2895561 3078.9409730860025
27973695.2895561 2864.236540971895
27973695.2895561 2237.8452694256202
27973695.2895561 -4190.290858500185
27973695.2895561 -467.92478865662815
27973695.2895561 -1668.325453133226
27973695.2895561 -3602.212878268495
27973695.2895561 1531.9840330391735
27973695.2895561 4681.146917328597
27973695.2895561 4814.693039285239
27973695.2895561 -841.8624736512147
27973695.2895561 -2037.5147004872351
27973695.2895561 1704.6014373033204
27973695.2895561 3461.0235491578896
27973695.2895561 -1127.8328329000497
27973695.2895561 3027.3267679454884
27973695.2895561 -2564.4549099305723
27973695.2895561 -1918.3580958596558
27973695.2895561 -726.0746271816743
27973695.2895561 -497.299057899123
27973695.2895561 -3500.0455231356345
27973695.2895561 -424.5156252218703
27973695.2895561 -2467.76076836707
27973695.2895561 4252.290146040552
27973695.2895561 -58.35935990514463
27973695.2895561 -3821.192744397336
27973695.2895561 -80.83056290385593
55947390.5791122 470.09237880459386
55947390.5791122 3534.229021889112
55947390.5791122 3232.900345085809
55947390.5791122 4233.277734419309
55947390.5791122 -562.424348540435
55947390.5791122 4920.765982304583
55947390.5791122 2038.056315673868
55947390.5791122 973.6265487137389
55947390.5791122 -513.0524807565907
55947390.5791122 -292.1708086631688
55947390.5791122 -667.3849474695171
55947390.5791122 4286.787821550699
55947390.5791122 -2568.894356198802
55947390.5791122 -166.25125738429233
55947390.5791122 3772.267559472524
55947390.5791122 2209.046856688361
55947390.5791122 3601.646337170847
55947390.5791122 -3688.641117554889
55947390.5791122 -3220.6298234445308
55947390.5791122 2647.5068449340415
55947390.5791122 310.28073712597234
55947390.5791122 1567.0659395138646
55947390.5791122 215.50788309354084
55947390.5791122 912.2624158887347
55947390.5791122 -3406.6539608671187
55947390.5791122 4996.207705116663
55947390.5791122 -1760.166768364314
55947390.5791122 -4370.009217548044
55947390.5791122 -2391.2777490739413
55947390.5791122 384.68277861040224
55947390.5791122 1467.5447238324232
55947390.5791122 -3418.075451525723
55947390.5791122 1143.0223709443762
55947390.5791122 1150.515252798259
55947390.5791122 -2217.3428090340153
55947390.5791122 1008.8983069374335
55947390.5791122 4186.657502408367
55947390.5791122 -1629.21909489372
55947390.5791122 -2142.230278244378
55947390.5791122 832.4324492853675
55947390.5791122 466.79071536556603
55947390.5791122 921.1404008187947
55947390.5791122 3057.639994199206
55947390.5791122 4105.497701839913
55947390.5791122 422.30205572813065
111894781.1582244 -2064.1317185723374
111894781.1582244 -3482.150009982492
111894781.1582244 865.9349540033763
111894781.1582244 -4642.394740557677
111894781.1582244 670.1576359431574
111894781.1582244 -4432.159397362017
111894781.1582244 2207.658770023866
111894781.1582244 1857.7090954961704
111894781.1582244 -4163.893900700641
111894781.1582244 2260.8797302141384
111894781.1582244 443.9209444357639
111894781.1582244 4817.243637431202
111894781.1582244 -4514.615972259737
111894781.1582244 28.332563865796146
111894781.1582244 3514.0708181367645
111894781.1582244 722.9567144106131
111894781.1582244 -1642.086887984604
111894781.1582244 4641.782406444856
111894781.1582244 3234.4430052227453
111894781.1582244 220.28810805140165
111894781.1582244 -4042.0404883338556
111894781.1582244 -0.4404048549686195
111894781.1582244 2562.7881547071593
111894781.1582244 1625.4120675029844
111894781.1582244 -3393.852319579661
111894781.1582244 -2135.9672658406694
111894781.1582244 -2115.1381010662694
111894781.1582244 -3880.7335418779685
111894781.1582244 4991.1869441846375
111894781.1582244 -2884.4270709006705
111894781.1582244 3496.1435210620093
111894781.1582244 4402.785827090895
111894781.1582244 -616.7743341547157
111894781.1582244 -758.793121545893
111894781.1582244 4963.086157609674
111894781.1582244 -3243.0100438561085
111894781.1582244 1984.0271644206068
111894781.1582244 -2116.3668933672075
111894781.1582244 420.60717653539723
111894781.1582244 -2318.6603108576664
111894781.1582244 222.52703930868574
111894781.1582244 -581.512376352096
111894781.1582244 551.2247631641785
111894781.1582244 -3859.324226900616
111894781.1582244 -3725.249163904694
223789562.3164488 -808.9819016063311
223789562.3164488 -3126.1395322314365
223789562.3164488 4940.674121681563
223789562.3164488 -1738.6546069050169
223789562.3164488 4445.396405594645
223789562.3164488 -704.1625074405947
223789562.3164488 1047.897424969019
223789562.3164488 1136.8725274455264
223789562.3164488 3454.7925113949987
223789562.3164488 -257.03419141274026
223789562.3164488 3790.4131250975533
223789562.3164488 -2822.3229048811736
223789562.3164488 3037.206412043586
223789562.3164488 3285.253994492299
223789562.3164488 4686.167026787807
223789562.3164488 -2381.717143081394
223789562.3164488 441.6188196763751
223789562.3164488 -929.5856733489004
223789562.3164488 532.8424984645644
223789562.3164488 -964.0767796633722
223789562.3164488 -4118.134442615427
223789562.3164488 4454.016031381878
223789562.3164488 1053.363784598133
223789562.3164488 4881.568848220824
223789562.3164488 -1859.1894353869034
223789562.3164488 -2216.575715783825
223789562.3164488 648.8213702118228
223789562.3164488 -3947.849002343653
223789562.3164488 903.9318156442123
223789562.3164488 1030.5815709591425
223789562.3164488 3256.4382292987157
223789562.3164488 -2272.620304561983
223789562.3164488 4254.062736011667
223789562.3164488 -3415.596138126695
223789562.3164488 4163.5203124194395
223789562.3164488 -1185.054992865263
223789562.3164488 -1153.369698563417
223789562.3164488 -1954.5275489734704
223789562.3164488 -3431.792794601283
223789562.3164488 4452.743012187555
223789562.3164488 -1504.7552385797035
223789562.3164488 -778.3328477043151
223789562.3164488 2001.5070741255795
223789562.3164488 -4896.4210050017255
223789562.3164488 4246.669175757037
447579124.6328976 -2491.845222026633
447579124.6328976 322.70208671126693
447579124.6328976 -3156.632703242126
447579124.6328976 -3879.961571072529
447579124.6328976 -314.4881767918805
447579124.6328976 2469.0852580666096
447579124.6328976 -2890.4403627876586
447579124.6328976 4425.879610664511
447579124.6328976 -1515.9365759534794
447579124.6328976 3657.3978775638134
447579124.6328976 11.222854955393814
447579124.6328976 -4764.048520984116
447579124.6328976 1953.057376211098
447579124.6328976 1001.9864783409203
447579124.6328976 -742.4707467376138
447579124.6328976 -4910.376405703228
447579124.6328976 2742.915334573635
447579124.6328976 -3936.887568602314
447579124.6328976 4922.359749367213
447579124.6328976 -3212.3586407824755
447579124.6328976 -2330.144801386743
447579124.6328976 4674.291696699624
447579124.6328976 -711.9306083700903
447579124.6328976 1568.649886752326
447579124.6328976 -2377.183225571681
447579124.6328976 -4895.897059230053
447579124.6328976 -3544.46075609249
447579124.6328976 1503.2708168408344
447579124.6328976 2535.743319854246
447579124.6328976 -745.8122733541059
447579124.6328976 -2101.985631956508
447579124.6328976 -4233.765855834439
447579124.6328976 -4243.551445521938
447579124.6328976 -824.2038480747296
447579124.6328976 -2903.2643490692612
447579124.6328976 -4444.678154245999
447579124.6328976 4238.2074150258995
447579124.6328976 -1898.6733249363597
447579124.6328976 2045.3036652024493
447579124.6328976 4722.224626873853
447579124.6328976 -3936.576347681528
447579124.6328976 2153.415064400526
447579124.6328976 -3289.0444680158207
447579124.6328976 4948.470569362946
447579124.6328976 2317.892229726317
895158249.2657952 -2125.1543211470603
895158249.2657952 3638.866551603105
895158249.2657952 3534.022977736342
895158249.2657952 165.5772308666783
895158249.2657952 -1038.602576581623
895158249.2657952 1187.3389372834927
895158249.2657952 2969.9169816286285
895158249.2657952 4589.912320119616
895158249.2657952 -364.20686034928167
895158249.2657952 1793.219389962077
895158249.2657952 -692.8113531509853
895158249.2657952 -2541.9766400988765
895158249.2657952 4695.530224541704
895158249.2657952 1238.2061968263451
895158249.2657952 -3731.4788104239597
895158249.2657952 3551.917631954344
895158249.2657952 -2010.6912929924201
895158249.2657952 -4074.265417882389
895158249.2657952 4147.730212936645
895158249.2657952 1045.570599116203
895158249.2657952 -2417.476990365208
895158249.2657952 -3353.207212945579
895158249.2657952 1199.0905727123827
895158249.2657952 1929.1656126758935
895158249.2657952 3750.904275829982
895158249.2657952 -1375.5344147200867
895158249.2657952 -214.74166958537808
895158249.2657952 1180.224137503823
895158249.2657952 824.0228766065447
895158249.2657952 339.3778147255962
895158249.2657952 -2786.3793720217145
895158249.2657952 -1139.0248640681657
895158249.2657952 2238.7068364533325
895158249.2657952 1945.895520093246
895158249.2657952 3415.3709791714045
895158249.2657952 361.56111772924123
895158249.2657952 2594.6983948713732
895158249.2657952 -863.7464634752532
895158249.2657952 -4364.934608000607
895158249.2657952 3279.464962220529
895158249.2657952 3399.873327602765
895158249.2657952 -1839.9335351184486
895158249.2657952 1640.2468485365753
895158249.2657952 2506.0707483122324
895158249.2657952 -1835.8781222391763
1790316498.5315905 -2596.656566251473
1790316498.5315905 -2958.0282292345905
1790316498.5315905 1787.7819024996807
1790316498.5315905 426.3627838477378
1790316498.5315905 2279.7906174938234
1790316498.5315905 1104.2141284271947
1790316498.5315905 -2371.846047314049
1790316498.5315905 -133.87226261964315
1790316498.5315905 -624.3518859370679
1790316498.5315905 3474.992242530425
1790316498.5315905 -2472.7194891501535
1790316498.5315905 -3882.371573280341
1790316498.5315905 -2194.915646351904
1790316498.5315905 -3254.250143512456
1790316498.5315905 1355.594896322209
1790316498.5315905 4897.002470565589
1790316498.5315905 295.4032069760151
1790316498.5315905 2612.445497981016
1790316498.5315905 3324.7655533399193
1790316498.5315905 -2485.5951063473835
1790316498.5315905 4892.844850304378
1790316498.5315905 -2411.1194247582625
1790316498.5315905 1806.268377455739
1790316498.5315905 -4005.1130454679305
1790316498.5315905 2274.4825294096236
1790316498.5315905 -4314.534733395969
1790316498.5315905 -988.1508811012031
1790316498.5315905 4491.408031844319
1790316498.5315905 2784.534787457539
1790316498.5315905 215.42685124412037
1790316498.5315905 -2993.006501651421
1790316498.5315905 3339.637303046511
1790316498.5315905 -496.42448618567505
1790316498.5315905 3281.9056733693724
1790316498.5315905 2081.891346325604
1790316498.5315905 2534.6584876916677
1790316498.5315905 2407.005668703694
1790316498.5315905 -494.4335063810113
1790316498.5315905 -2586.0638472441524
1790316498.5315905 -2885.8517670313922
1790316498.5315905 -4901.991244364545
1790316498.5315905 1745.0762688879531
1790316498.5315905 -43.19773473710302
1790316498.5315905 3786.518494306776
1790316498.5315905 -2848.2224844343064
3580632997.063181 -1806.472793194469
3580632997.063181 -3606.4656655699837
3580632997.063181 -1385.7070700297704
3580632997.063181 4132.232068726278
3580632997.063181 -2533.4987925563137
3580632997.063181 467.67449082050734
3580632997.063181 -3505.9270714293334
3580632997.063181 -2216.9963334676313
3580632997.063181 -1183.447407918764
3580632997.063181 -1818.9278156438504
3580632997.063181 4955.533429582312
3580632997.063181 -2700.030276338332
3580632997.063181 -2778.7501391701276
3580632997.063181 909.2455888871791
3580632997.063181 -4927.383878745612
3580632997.063181 431.89376298505067
3580632997.063181 4317.617402275213
3580632997.063181 184.46437809919462
3580632997.063181 -3738.770590235254
3580632997.063181 -4823.590587249021
3580632997.063181 2519.3171404154727
3580632997.063181 -1905.796487006648
3580632997.063181 655.9288403031296
3580632997.063181 -2702.515190580139
3580632997.063181 1523.754865863346
3580632997.063181 -4224.730198415826
3580632997.063181 -3846.3105623990987
3580632997.063181 4347.792140425687
3580632997.063181 -410.19910526667627
3580632997.063181 1935.179918432682
3580632997.063181 2281.3085569262385
3580632997.063181 -1961.4425134157718
3580632997.063181 114.71457939874927
3580632997.063181 3057.4164487474445
3580632997.063181 -220.3757276816641
3580632997.063181 4165.75691346315
3580632997.063181 1606.738589052592
3580632997.063181 3689.4323959749327
3580632997.063181 -3595.0736355377744
3580632997.063181 -177.51210558725325
3580632997.063181 -3349.9680370112974
3580632997.063181 1022.3848801315171
3580632997.063181 4673.9657714075565
3580632997.063181 -1221.5093706167158
3580632997.063181 -3163.9716966286146
7161265994.126362 3617.81286224018
7161265994.126362 -985.3256938727695
7161265994.126362 -4215.4106823814345
7161265994.126362 -2106.0708778203207
7161265994.126362 4801.496832105215
7161265994.126362 3778.784982005278
7161265994.126362 2774.4346709319025
7161265994.126362 2154.1934780344527
7161265994.126362 2594.6910314194092
7161265994.126362 3564.066444167027
7161265994.126362 238.38050811638368
7161265994.126362 -4743.887941903692
7161265994.126362 -3926.8124027378362
7161265994.126362 2654.578812076662
7161265994.126362 -214.4134839000708
7161265994.126362 -1553.9198114600918
7161265994.126362 -3045.647682962559
7161265994.126362 -2751.8613540399974
7161265994.126362 2154.094401199972
7161265994.126362 1967.0988279632274
7161265994.126362 4175.405857193675
7161265994.126362 800.900524866749
7161265994.126362 835.7654131032677
7161265994.126362 4436.5198093798535
7161265994.126362 4323.835623682176
7161265994.126362 1873.6643400964585
7161265994.126362 682.164699643241
7161265994.126362 2308.9593060449342
7161265994.126362 -113.72881509824765
7161265994.126362 362.24328255150795
7161265994.126362 2361.087295324737
7161265994.126362 4101.846495276408
7161265994.126362 -4510.258100341176
7161265994.126362 -934.4993725326899
7161265994.126362 -525.0291877536883
7161265994.126362 654.4414256690443
7161265994.126362 1071.3761840524649
7161265994.126362 3049.832483357336
7161265994.126362 -4665.669752541816
7161265994.126362 3657.018401919191
7161265994.126362 221.58366658623254
7161265994.126362 -4284.953727060202
7161265994.126362 -110.38362225716446
7161265994.126362 1602.0690954562324
7161265994.126362 2916.2991007994424
14322531988.252724 4801.490084063322
14322531988.252724 4482.724780331357
14322531988.252724 -416.16154410376475
14322531988.252724 3180.3735957300687
14322531988.252724 2444.81207845307
14322531988.252724 -4153.372885522863
14322531988.252724 1765.5547091036842
14322531988.252724 -3095.7372964819197
14322531988.252724 72.0005533381318
14322531988.252724 2396.4648194173587
14322531988.252724 4555.0823429918855
14322531988.252724 2036.424848925435
14322531988.252724 918.8526437731916
14322531988.252724 -3494.051107739189
14322531988.252724 -4358.149837355326
14322531988.252724 1227.76676789861
14322531988.252724 2634.0591799869126
14322531988.252724 -4503.738823152865
14322531988.252724 -1417.8866784602374
14322531988.252724 224.02501012645916
14322531988.252724 1430.9948522852046
14322531988.252724 -607.1892111435382
14322531988.252724 1083.093926991356
14322531988.252724 3175.3020565173974
14322531988.252724 773.9579462202018
14322531988.252724 3446.377590914064
14322531988.252724 2449.54555171195
14322531988.252724 1515.0581062660294
14322531988.252724 -1707.8735224391949
14322531988.252724 -1331.7040753573597
14322531988.252724 -4110.522654906525
14322531988.252724 -3548.2256092779053
14322531988.252724 2363.609809558221
14322531988.252724 1018.5043700312599
14322531988.252724 2965.4492351513927
14322531988.252724 1647.2124058508616
14322531988.252724 -550.2243288863592
14322531988.252724 1626.8760940291613
14322531988.252724 204.85127342790292
14322531988.252724 2879.6916814276083
14322531988.252724 3898.2844728086257
14322531988.252724 -1934.0218583419155
14322531988.252724 2422.8901065896134
14322531988.252724 4356.088986314775
14322531988.252724 1439.868573691665
28645063976.505447 -4868.402770657275
28645063976.505447 3128.2578171903087
28645063976.505447 -3390.5504924949882
28645063976.505447 -3983.4814670728338
28645063976.505447 -840.6521553893872
28645063976.505447 4008.902085357229
28645063976.505447 303.16848929975004
28645063976.505447 4111.2778394590805
28645063976.505447 223.58978105305778
28645063976.505447 -2563.0378567538214
28645063976.505447 -2866.4381630934586
28645063976.505447 334.39802329305894
28645063976.505447 3811.944175844379
28645063976.505447 2728.4958798570115
28645063976.505447 3932.938716222654
28645063976.505447 3198.8558071703646
28645063976.505447 856.9559555784044
28645063976.505447 736.1041331246088
28645063976.505447 -3.3011214970410947
28645063976.505447 2262.981842794293
28645063976.505447 3369.880971901277
28645063976.505447 -2707.5279994514544
28645063976.505447 1210.9720252078969
28645063976.505447 4492.4792451705125
28645063976.505447 -1767.8780216836744
28645063976.505447 -3661.064780393569
28645063976.505447 -1882.924556859814
28645063976.505447 629.7104310159048
28645063976.505447 -1426.7262501580713
28645063976.505447 -399.0533183236412
28645063976.505447 -3899.207832763243
28645063976.505447 -2176.9335521107046
28645063976.505447 4098.783799599736
28645063976.505447 -2321.548306069535
28645063976.505447 -4455.917297796379
28645063976.505447 -2502.15474799802
28645063976.505447 -1273.5652631992089
28645063976.505447 -2770.9614611231127
28645063976.505447 1403.8386672358301
28645063976.505447 -4152.867524484532
28645063976.505447 -4286.380825779636
28645063976.505447 -3106.2070950655116
28645063976.505447 -3654.6615540999974
28645063976.505447 269.86750472507447
28645063976.505447 -3623.066637301897
57290127953.010895 4466.173810240585
57290127953.010895 -4633.256739972875
57290127953.010895 -3091.684675406391
57290127953.010895 -1582.513518841305
57290127953.010895 -2491.9395367065654
57290127953.010895 4745.858617784967
57290127953.010895 4394.062628266025
57290127953.010895 1788.2143916566547
57290127953.010895 1143.2484801033906
57290127953.010895 -1202.9951191160117
57290127953.010895 -802.2067213925566
57290127953.010895 -4122.745592971666
57290127953.010895 -1973.4872124259473
57290127953.010895 -2229.9819740653247
57290127953.010895 2769.939545121285
57290127953.010895 2878.335821259906
57290127953.010895 4379.312683029488
57290127953.010895 -4750.881229078465
57290127953.010895 3077.993892184788
57290127953.010895 4921.98345371711
57290127953.010895 -179.16424828850722
57290127953.010895 -365.2648487935794
57290127953.010895 3814.713997603336
57290127953.010895 -4355.136764162251
57290127953.010895 2640.2905265289237
57290127953.010895 -3071.6787599907084
57290127953.010895 -1813.0028496372365
57290127953.010895 397.82832353580125
57290127953.010895 -3501.837063401062
57290127953.010895 1459.5257620770462
57290127953.010895 -3924.1783581294067
57290127953.010895 -2337.958249729247
57290127953.010895 4681.984684872219
57290127953.010895 1345.1884827647164
57290127953.010895 1233.117966282066
57290127953.010895 2809.1523607441104
57290127953.010895 1468.234287976018
57290127953.010895 2749.117567399686
57290127953.010895 1628.787462039445
57290127953.010895 -4970.936873318527
57290127953.010895 3954.9566497972573
57290127953.010895 -2119.24516604855
57290127953.010895 -97.99509335264611
57290127953.010895 -293.41795244738387
57290127953.010895 159.0898542573168
114580255906.02179 -1174.449284441279
114580255906.02179 3748.0869591851424
114580255906.02179 -4088.2659760700826
114580255906.02179 -3672.256284712474
114580255906.02179 2614.6089817685806
114580255906.02179 -761.3750465585463
114580255906.02179 2516.0170024609515
114580255906.02179 -3527.3207244102123
114580255906.02179 -4731.504443790504
114580255906.02179 -2483.8460231081904
114580255906.02179 1434.0122445409797
114580255906.02179 -900.3575100883718
114580255906.02179 -2425.6933292077833
114580255906.02179 -1622.067496561962
114580255906.02179 3186.5056385240014
114580255906.02179 877.0740180293287
114580255906.02179 -4906.984211180505
114580255906.02179 -1120.6156133268842
114580255906.02179 -1200.327816713298
114580255906.02179 4306.04852692754
114580255906.02179 2151.5641376013564
114580255906.02179 1808.965681325244
114580255906.02179 -2450.1856921920153
114580255906.02179 1767.6265500346226
114580255906.02179 2090.3546152524286
114580255906.02179 -3373.0893383711036
114580255906.02179 1594.3241616561618
114580255906.02179 -426.6882033149586
114580255906.02179 3220.7310163498696
114580255906.02179 -2654.4228819131145
114580255906.02179 -1549.2116801807888
114580255906.02179 2235.1668925005733
114580255906.02179 533.7180290189754
114580255906.02179 -4517.757441780395
114580255906.02179 3594.174658989834
114580255906.02179 2352.112755942607
114580255906.02179 940.3859716573379
114580255906.02179 2766.8746333236913
114580255906.02179 3346.0732810935315
114580255906.02179 -4844.95366297066
114580255906.02179 4026.490308865985
114580255906.02179 -4810.591905397779
114580255906.02179 -471.1033581192496
114580255906.02179 4078.4348449010195
114580255906.02179 -2435.0989617563714
229160511812.04358 -3421.847309341536
229160511812.04358 -1426.1735393706076
229160511812.04358 4221.636037309279
229160511812.04358 -3168.794268612273
229160511812.04358 4936.192643654904
229160511812.04358 3172.6789734798913
229160511812.04358 -101.58138785752908
229160511812.04358 -1269.5287118388178
229160511812.04358 656.4357586578008
229160511812.04358 -4074.157634315687
229160511812.04358 3214.4815272908363
229160511812.04358 3587.57819739534
229160511812.04358 200.28003752838413
229160511812.04358 -1842.6329307596766
229160511812.04358 2239.462545066467
229160511812.04358 -1165.8786799040731
229160511812.04358 -3106.8410505737565
229160511812.04358 -3017.8971073123716
229160511812.04358 -3495.3107259671433
229160511812.04358 -603.9911181623766
229160511812.04358 -2337.526406480629
229160511812.04358 3959.3447796098353
229160511812.04358 4138.280423915225
229160511812.04358 -4581.157205108214
229160511812.04358 3581.612499331868
229160511812.04358 -4341.866407585474
229160511812.04358 693.1315896414844
229160511812.04358 3949.40617307876
229160511812.04358 -2752.7300990235813
229160511812.04358 3052.2766430529446
229160511812.04358 -2437.8589460347557
229160511812.04358 4551.7447788388945
229160511812.04358 -1388.4259425340551
229160511812.04358 -1569.5743203817492
229160511812.04358 4513.799990624548
229160511812.04358 1700.745109561025
229160511812.04358 -4065.773456741445
229160511812.04358 -240.72548305773398
229160511812.04358 -2674.754693205722
229160511812.04358 -4746.897403062747
229160511812.04358 -179.22735248404388
229160511812.04358 -225.2202809856608
229160511812.04358 2785.931292293122
229160511812.04358 2941.7145016547474
229160511812.04358 3953.9796548459526
458321023624.08716 785.9167037151938
458321023624.08716 4784.771615187454
458321023624.08716 3977.1644453311073
458321023624.08716 -828.6468093693911
458321023624.08716 -2979.63047003169
458321023624.08716 823.0169179796121
458321023624.08716 2670.223647930844
458321023624.08716 -278.7729427215454
458321023624.08716 1202.0880737283996
458321023624.08716 1747.1875730960264
458321023624.08716 2680.3565934797034
458321023624.08716 4576.823970294823
458321023624.08716 1812.8427461972597
458321023624.08716 -3217.478359837658
458321023624.08716 -4065.9304073850267
458321023624.08716 783.9609795637643
458321023624.08716 309.31258305596475
458321023624.08716 447.0340222520799
458321023624.08716 247.93572579823285
458321023624.08716 -954.1607460531764
458321023624.08716 -4747.572499033416
458321023624.08716 -249.61337064665713
458321023624.08716 -4616.334717934223
458321023624.08716 -404.44041385903074
458321023624.08716 3626.6253210373015
458321023624.08716 622.34658285142
458321023624.08716 -4476.2890570823365
458321023624.08716 2226.873017921984
458321023624.08716 3428.871161200055
458321023624.08716 4858.814010542952
458321023624.08716 4559.216998715534
458321023624.08716 -1190.1452255961822
458321023624.08716 -4756.56045177384
458321023624.08716 -1919.1268507163672
458321023624.08716 545.739869325771
458321023624.08716 4682.4576900034845
458321023624.08716 -1803.9750933626333
458321023624.08716 -2052.6402780743833
458321023624.08716 -893.7989081898822
458321023624.08716 1573.191794895536
458321023624.08716 1767.7808389451066
458321023624.08716 -3861.7774125268456
458321023624.08716 3929.724152398687
458321023624.08716 2448.190490290315
458321023624.08716 4900.755735441631
916642047248.1743 1458.83789910628
916642047248.1743 1953.7317947591528
916642047248.1743 1261.7565884120595
916642047248.1743 -4109.499764943334
916642047248.1743 -4259.3349772554575
916642047248.1743 -3119.0332576912506
916642047248.1743 1379.904915899947
916642047248.1743 -695.8773896386219
916642047248.1743 17.98408731769632
916642047248.1743 2575.2409630942493
916642047248.1743 -693.5612455665132
916642047248.1743 1983.0123178896365
916642047248.1743 -1572.8564701061077
916642047248.1743 -2360.764934688403
916642047248.1743 2580.148510566981
916642047248.1743 198.3962456802701
916642047248.1743 3505.327785352383
916642047248.1743 -2882.2774851560994
916642047248.1743 -4454.144053588968
916642047248.1743 -3556.911374291469
916642047248.1743 -4814.738800134179
916642047248.1743 -1647.3512684294355
916642047248.1743 -244.71975086935618
916642047248.1743 -3322.7507851299165
916642047248.1743 1745.7126945243017
916642047248.1743 4478.696626546616
916642047248.1743 -2035.0458239012314
916642047248.1743 -4502.4405350329025
916642047248.1743 -2595.8377023269386
916642047248.1743 422.66707635053444
916642047248.1743 -491.34426672367226
916642047248.1743 2957.079302254063
916642047248.1743 -4006.5882402792517
916642047248.1743 -1832.051060446398
916642047248.1743 -1542.9625457697894
916642047248.1743 2562.5623844628863
916642047248.1743 3591.570458588518
916642047248.1743 -3238.0231723269335
916642047248.1743 -3270.2379743512474
916642047248.1743 402.0391546773062
916642047248.1743 3279.778536582873
916642047248.1743 -2785.392694087101
916642047248.1743 -2554.7830862691776
916642047248.1743 3678.4084822432524
916642047248.1743 -830.2513006448416
1833284094496.3486 -2802.5343165481777
1833284094496.3486 4947.4050759769125
1833284094496.3486 -113.40242227688577
1833284094496.3486 4313.513632453323
1833284094496.3486 -2052.2686507266453
1833284094496.3486 993.3462964843266
1833284094496.3486 1531.0354987980454
1833284094496.3486 -1605.7678580086044
1833284094496.3486 -1002.4714681019555
1833284094496.3486 4708.515802274998
1833284094496.3486 -3302.113907631865
1833284094496.3486 -362.11239559984097
1833284094496.3486 3809.2413227428206
1833284094496.3486 -1807.8645586254838
1833284094496.3486 2547.10035093633
1833284094496.3486 837.2749465987717
1833284094496.3486 386.06089830551264
1833284094496.3486 -2859.683067335166
1833284094496.3486 -3802.777205194523
1833284094496.3486 -3813.8899823083916
1833284094496.3486 4366.666955505105
1833284094496.3486 226.1230067302704
1833284094496.3486 -3762.0243801169836
1833284094496.3486 -2183.572417287498
1833284094496.3486 2625.12529165659
1833284094496.3486 2571.8940147683297
1833284094496.3486 3553.7552814728842
1833284094496.3486 -4995.020743526143
1833284094496.3486 -4930.001445380415
1833284094496.3486 315.5252054975617
1833284094496.3486 376.42892845507595
1833284094496.3486 -461.11526940291606
1833284094496.3486 3207.3907121841203
1833284094496.3486 -3669.9817392486743
1833284094496.3486 -1590.122395903295
1833284094496.3486 4096.397385255388
1833284094496.3486 -3965.564392775629
1833284094496.3486 -427.22654339034034
1833284094496.3486 4848.551348187171
1833284094496.3486 -76.05922147633373
1833284094496.3486 -4762.3304731304215
1833284094496.3486 -1447.9028691395001
1833284094496.3486 2802.9922859296394
1833284094496.3486 -1754.2536796515228
1833284094496.3486 -83.31790018392712
3666568188992.6973 3523.6547510471464
3666568188992.6973 -2232.9754179768324
3666568188992.6973 2617.028664942005
3666568188992.6973 4607.701972337492
3666568188992.6973 -1340.3235435734427
3666568188992.6973 4722.217460994392
3666568188992.6973 -4006.130613287767
3666568188992.6973 4416.225018833935
3666568188992.6973 -2465.8064152433435
3666568188992.6973 1754.4472143294051
3666568188992.6973 3093.9273182871384
3666568188992.6973 4223.543451068406
3666568188992.6973 -3626.0247440187595
3666568188992.6973 631.5631972761648
3666568188992.6973 -3037.633754532555
3666568188992.6973 2979.9562318270227
3666568188992.6973 4788.3144019391
3666568188992.6973 -1375.368592419728
3666568188992.6973 -727.7675433234999
3666568188992.6973 2164.5116810984937
3666568188992.6973 3219.246676192366
3666568188992.6973 588.7740907665775
3666568188992.6973 130.83300299515395
3666568188992.6973 3183.2433554054633
3666568188992.6973 2195.521140605356
3666568188992.6973 2145.082464978381
3666568188992.6973 -1733.7030111374297
3666568188992.6973 -622.6928248438189
3666568188992.6973 3008.1095886261946
3666568188992.6973 -4915.819975004826
3666568188992.6973 -2142.350582978906
3666568188992.6973 -3445.372596550499
3666568188992.6973 449.7389877448386
3666568188992.6973 -4721.470118833517
3666568188992.6973 -3553.357135803914
3666568188992.6973 323.0806573612963
3666568188992.6973 -2772.9988528269355
3666568188992.6973 -1518.2828959579297
3666568188992.6973 -4963.5534300900645
3666568188992.6973 1332.5206850090635
3666568188992.6973 -1236.9099772119084
3666568188992.6973 1584.3179665846183
3666568188992.6973 -1770.9205680553387
3666568188992.6973 1737.93111772683
3666568188992.6973 -4998.499665364237
7333136377985.395 1250.3759430066739
7333136377985.395 -4316.321375098983
7333136377985.395 4392.6994191182675
7333136377985.395 1844.8841679322113
7333136377985.395 -3854.2031299042446
7333136377985.395 -1276.1263968633439
7333136377985.395 -4057.944175689937
7333136377985.395 -2028.4978844030097
7333136377985.395 532.5200157988229
7333136377985.395 1245.9234213300388
7333136377985.395 1834.117565067295
7333136377985.395 -2342.256407405393
7333136377985.395 3619.5661746755995
7333136377985.395 -506.94954492934176
7333136377985.395 -4560.216920671996
7333136377985.395 4167.671083394927
7333136377985.395 -4397.736210544162
7333136377985.395 4542.212572091314
7333136377985.395 3344.5244733339878
7333136377985.395 -3533.7863211176355
7333136377985.395 688.3881352399958
7333136377985.395 -3400.2476374444022
7333136377985.395 -4801.579832971368
7333136377985.395 -869.0147072917161
7333136377985.395 2657.9830475828658
7333136377985.395 4231.229177271933
7333136377985.395 -178.36469199666954
7333136377985.395 1895.1981656516691
7333136377985.395 3447.6122791643575
7333136377985.395 -4365.192302658921
7333136377985.395 155.74132394989465
7333136377985.395 -2220.0749506296693
7333136377985.395 4251.733716811261
7333136377985.395 3195.0488960650237
7333136377985.395 -2058.1509940195497
7333136377985.395 3209.870959960592
7333136377985.395 2626.364717933956
7333136377985.395 -2966.422227076586
7333136377985.395 2056.280583207361
7333136377985.395 -1431.948268495199
7333136377985.395 -4248.847602438161
7333136377985.395 3068.623125468768
7333136377985.395 -1261.2171844348272
7333136377985.395 -914.6501327771061
7333136377985.395 4520.205798788731
14666272755970.79 -3995.303079630319
14666272755970.79 627.4215393068043
14666272755970.79 4769.0227741979525
14666272755970.79 3347.5944898934576
14666272755970.79 4251.301241377663
14666272755970.79 4715.490274260346
14666272755970.79 1061.118186399417
14666272755970.79 -93.52893137553292
14666272755970.79 3816.823126925123
14666272755970.79 -1557.9008906916724
14666272755970.79 382.04054713895584
14666272755970.79 2228.5449599180474
14666272755970.79 -882.4773300702873
14666272755970.79 1770.0996760255348
14666272755970.79 1805.106200680906
14666272755970.79 -63.33275435463838
14666272755970.79 1898.665020497283
14666272755970.79 477.13206475870174
14666272755970.79 -1538.8504195692963
14666272755970.79 489.9751164690633
14666272755970.79 -3362.866953011615
14666272755970.79 -4698.354664133065
14666272755970.79 -4055.768794898349
14666272755970.79 4647.948593453377
14666272755970.79 -332.4268404278273
14666272755970.79 4604.444407025287
14666272755970.79 3217.242009712356
14666272755970.79 944.2513883556694
14666272755970.79 -3919.2167290296557
14666272755970.79 -1247.0536544037568
14666272755970.79 2990.3404468301287
14666272755970.79 -352.6045448199011
14666272755970.79 4854.713160066001
14666272755970.79 -3700.404804243309
14666272755970.79 -4898.938452768273
14666272755970.79 2833.2952967586034
14666272755970.79 -142.5413160940734
14666272755970.79 3678.5321440500593
14666272755970.79 -1067.1224972267478
14666272755970.79 -1021.0611335260169
14666272755970.79 2907.2998170644705
14666272755970.79 1415.2923998713022
14666272755970.79 2991.586572392668
14666272755970.79 -3309.2022264517964
14666272755970.79 3211.9353887355483
29332545511941.58 4143.990289132615
29332545511941.58 425.613197624838
29332545511941.58 -2552.688997026069
29332545511941.58 -3125.015751423066
29332545511941.58 1944.8938064727054
29332545511941.58 1853.6811663010167
29332545511941.58 -3293.1580454710574
29332545511941.58 1798.7773587835973
29332545511941.58 2484.010371266656
29332545511941.58 1633.1002127259144
29332545511941.58 -1878.3049415787123
29332545511941.58 1682.1860924485245
29332545511941.58 -4988.797168011549
29332545511941.58 1952.7426352321
29332545511941.58 -4534.045673333853
29332545511941.58 -2834.503933900423
29332545511941.58 10.964611819142192
29332545511941.58 -2499.5330007192597
29332545511941.58 3117.8843768524002
29332545511941.58 4018.8279137501195
29332545511941.58 3245.0604175097214
29332545511941.58 405.33668452670463
29332545511941.58 4398.901149930969
29332545511941.58 1396.6149389765023
29332545511941.58 3937.0695411264824
29332545511941.58 -1449.137497659241
29332545511941.58 4492.406351899248
29332545511941.58 -3027.9785724435415
29332545511941.58 4220.946983692456
29332545511941.58 -4830.184039627574
29332545511941.58 -364.1757661040101
29332545511941.58 -1947.8761347409668
29332545511941.58 4937.292486530974
29332545511941.58 -283.9018887121856
29332545511941.58 2735.2396016174134
29332545511941.58 -187.97500067005512
29332545511941.58 -3980.133185879183
29332545511941.58 2473.219382013963
29332545511941.58 4385.972998008863
29332545511941.58 -3570.1395739615336
29332545511941.58 -1474.112986937395
29332545511941.58 -4601.74043830444
29332545511941.58 -2453.8836913514237
29332545511941.58 -3912.646338237332
29332545511941.58 -3900.788122503813
58665091023883.16 4157.163535990521
58665091023883.16 -2121.695008479427
58665091023883.16 958.6321111267107
58665091023883.16 -1155.4681388842237
58665091023883.16 1947.3169164089077
58665091023883.16 -374.69579589592195
58665091023883.16 -249.0388760818687
58665091023883.16 -2064.2598679975745
58665091023883.16 -4874.613872152801
58665091023883.16 907.8035508167404
58665091023883.16 1967.0062768508442
58665091023883.16 1672.762439987555
58665091023883.16 -4262.682395174564
58665091023883.16 -435.76276273013536
58665091023883.16 1600.2099889881847
58665091023883.16 -2547.0282459013883
58665091023883.16 4360.061950915477
58665091023883.16 -1177.2763119990468
58665091023883.16 -3652.3693332905596
58665091023883.16 -3632.0140802181522
58665091023883.16 4467.898093775042
58665091023883.16 -2828.1043828967813
58665091023883.16 -1111.134280478676
58665091023883.16 -508.16190462521627
58665091023883.16 -4720.883026084559
58665091023883.16 2191.5646759145266
58665091023883.16 -3668.9937892972066
58665091023883.16 -1450.3990088442451
58665091023883.16 911.143650801052
58665091023883.16 3811.9121738776084
58665091023883.16 4828.1658979629665
58665091023883.16 1347.435836661186
58665091023883.16 1300.3210129381496
58665091023883.16 4773.5290739920165
58665091023883.16 -4263.026745159169
58665091023883.16 4892.973183130076
58665091023883.16 305.2066924710298
58665091023883.16 -4388.812501310977
58665091023883.16 -3229.828937830894
58665091023883.16 4836.758900391356
58665091023883.16 -221.75960277519243
58665091023883.16 -139.8226289913273
58665091023883.16 3583.091304640502
58665091023883.16 -2055.8670098168286
58665091023883.16 -4119.156421942469
117330182047766.31 -3765.7315760525166
117330182047766.31 -2002.095618806381
117330182047766.31 -4528.699535295375
117330182047766.31 -4694.483055440925
117330182047766.31 -1105.6127449096907
117330182047766.31 -1803.3318778659004
117330182047766.31 2682.409397163312
117330182047766.31 1988.7771303515974
117330182047766.31 2220.9621405829384
117330182047766.31 41.68097852089977
117330182047766.31 1598.2646897741606
117330182047766.31 403.70471895688115
117330182047766.31 4573.744025960979
117330182047766.31 -1065.259449777072
117330182047766.31 2849.797746283404
117330182047766.31 608.4118592099212
117330182047766.31 -4250.972483180016
117330182047766.31 -4654.216080878861
117330182047766.31 1168.2332108164428
117330182047766.31 4853.896318355777
117330182047766.31 2915.694154608047
117330182047766.31 -2227.5435952736434
117330182047766.31 1015.3204359160654
117330182047766.31 -2496.296507914901
117330182047766.31 -539.5896349766363
117330182047766.31 4575.166209673391
117330182047766.31 788.7172619750272
117330182047766.31 4868.174138244654
117330182047766.31 3221.0682463680387
117330182047766.31 1455.8380913404471
117330182047766.31 -2602.4854698124986
117330182047766.31 3554.621220492754
117330182047766.31 -3949.698925596079
117330182047766.31 -3970.3828699353617
117330182047766.31 -991.3482224768013
117330182047766.31 3245.7013318577756
117330182047766.31 -2988.6309328264615
117330182047766.31 -4990.479273056602
117330182047766.31 3049.577240295199
117330182047766.31 -2667.9258107382643
117330182047766.31 -2443.746561172161
117330182047766.31 -178.74806352855012
117330182047766.31 2313.6784486497963
117330182047766.31 3517.596600701323
117330182047766.31 -2079.715706915151
234660364095532.62 -4157.3102132864615
234660364095532.62 -2406.061033719794
234660364095532.62 -1551.4568446041053
234660364095532.62 -2901.6044655638316
234660364095532.62 -1416.1814241623206
234660364095532.62 -3981.4057110264644
234660364095532.62 -410.7500148390782
234660364095532.62 4311.358269218583
234660364095532.62 1549.5966729675256
234660364095532.62 413.37794564297656
234660364095532.62 2006.682456712856
234660364095532.62 -4336.381814342084
234660364095532.62 -2061.1727817512183
234660364095532.62 3569.891066336748
234660364095532.62 -2246.055767657923
234660364095532.62 3100.215900789489
234660364095532.62 4565.162608802675
234660364095532.62 -2498.2399794504317
234660364095532.62 3683.4474517539784
234660364095532.62 3796.403126261055
234660364095532.62 1280.8607043876164
234660364095532.62 2903.8772661302773
234660364095532.62 -1861.5816084701942
234660364095532.62 -1524.0211894110466
234660364095532.62 -2115.61567218714
234660364095532.62 -4285.149953067541
234660364095532.62 559.5603123616947
234660364095532.62 -393.88436425920736
234660364095532.62 -3980.6704435360407
234660364095532.62 -1384.4728342873782
234660364095532.62 -4866.865445127497
234660364095532.62 -964.7060319237221
234660364095532.62 3096.6389609340804
234660364095532.62 -3943.2962400594215
234660364095532.62 -656.5728928784811
234660364095532.62 2344.5889612823694
234660364095532.62 4363.002633349537
234660364095532.62 2379.410043783624
234660364095532.62 -3657.865459511281
234660364095532.62 -1203.9942005373373
234660364095532.62 -2141.3032356502094
234660364095532.62 442.8120059616522
234660364095532.62 -980.6559126848001
234660364095532.62 1609.2562149390478
234660364095532.62 -2933.837501116412
469320728191065.25 -136.35699577613468
469320728191065.25 1410.8752034162799
469320728191065.25 -2011.3215449220856
469320728191065.25 -3066.9250744910305
469320728191065.25 1707.6054037765243
469320728191065.25 3814.540194495563
469320728191065.25 894.2968778263312
469320728191065.25 -3105.786731095591
469320728191065.25 -4697.752775292986
469320728191065.25 4192.268365272146
469320728191065.25 -4548.865729514459
469320728191065.25 -3673.8594921212234
469320728191065.25 900.8192306047658
469320728191065.25 -920.8008310281525
469320728191065.25 -1614.921419245401
469320728191065.25 -4380.6198698556655
469320728191065.25 38.964155719048904
469320728191065.25 -2198.0335873780177
469320728191065.25 2700.5230597610653
469320728191065.25 4281.308541726983
469320728191065.25 -999.8579573959387
469320728191065.25 -2518.455078736307
469320728191065.25 -619.3325841242868
469320728191065.25 4753.103815812259
469320728191065.25 3722.3794033484937
469320728191065.25 -2526.543698989563
469320728191065.25 -3143.912891398756
469320728191065.25 -1464.0950058555368
469320728191065.25 -2633.5075324859845
469320728191065.25 -567.7890685946531
469320728191065.25 1633.8595183969428
469320728191065.25 3927.9777259622842
469320728191065.25 1110.4355024177084
469320728191065.25 -4003.1347512799366
469320728191065.25 3146.79036386035
469320728191065.25 441.2873262176472
469320728191065.25 -1080.7514184139222
469320728191065.25 2846.4804051397987
469320728191065.25 3373.228943224025
469320728191065.25 2719.633084370492
469320728191065.25 4326.38917116449
469320728191065.25 -1316.2657642376462
469320728191065.25 -1379.464842252929
469320728191065.25 3409.058405474816
469320728191065.25 -917.629294794714
