-175.32361371335847 11.182966550974399
-167.6549382328895 11.182966550974399
-159.57572113099064 11.182966550974399
-153.43545922721023 11.182966550974399
-146.35374942261203 11.182966550974399
-139.61780269089468 11.182966550974399
-129.76956300521516 11.182966550974399
-128.49126485411023 11.182966550974399
-124.80002490068705 11.182966550974399
-115.27601967959934 11.182966550974399
-112.919921024179 11.182966550974399
-107.40909135174277 11.182966550974399
-104.20359490476442 11.182966550974399
-99.80292103192428 11.182966550974399
-90.22849100468028 11.182966550974399
-86.18242714737318 11.182966550974399
-82.94567401899167 11.182966550974399
-81.67211280164794 11.182966550974399
-72.13259073755678 11.182966550974399
-64.47218485729825 11.182966550974399
-62.44995566162325 11.182966550974399
-56.15063270602325 11.182966550974399
-52.58902477278777 11.182966550974399
-44.11469127824792 11.182966550974399
-35.07252021342822 11.182966550974399
-30.242546853830827 11.182966550974399
-26.61776550162628 11.182966550974399
-22.73830010733207 11.182966550974399
-17.991914765186223 11.182966550974399
-16.60708156899641 11.182966550974399
-10.675476292145698 11.182966550974399
-5.571131123948458 11.182966550974399
-2.5457172874640133 11.182966550974399
2.672097467124191 11.182966550974399
7.849107899162272 11.182966550974399
11.52713969218977 11.182966550974399
21.462108949803884 11.182966550974399
30.586331639128414 11.182966550974399
37.268345465865295 11.182966550974399
40.51949981658245 11.182966550974399
50.26922271537674 11.182966550974399
52.93717962668174 11.182966550974399
58.64677482290245 11.182966550974399
61.30443757887081 11.182966550974399
69.61004419918079 11.182966550974399
78.43435077736886 11.182966550974399
81.13127383598905 11.182966550974399
89.91322760149461 11.182966550974399
96.44177166122908 11.182966550974399
98.12687623686168 11.182966550974399
104.32623903248464 11.182966550974399
108.54772787060847 11.182966550974399
116.56276700455706 11.182966550974399
123.0537114542749 11.182966550974399
129.64485140209314 11.182966550974399
132.86978956960672 11.182966550974399
136.1275183858323 11.182966550974399
145.1001835492016 11.182966550974399
152.99152890841026 11.182966550974399
162.93894361246979 11.182966550974399
168.42946794753814 11.182966550974399
174.10497846231254 11.182966550974399
178.80329684024306 11.182966550974399
180.7797045543915 11.182966550974399
187.26754747559767 11.182966550974399
190.5746450527182 11.182966550974399
193.95663560804627 11.182966550974399
197.04918594771488 11.182966550974399
203.6965802861638 11.182966550974399
212.9455302866265 11.182966550974399
214.05180286497685 11.182966550974399
223.12761133347476 11.182966550974399
224.83703861957275 11.182966550974399
228.26293901732987 11.182966550974399
233.15986382973654 11.182966550974399
236.24724758679503 11.182966550974399
244.33864368961207 11.182966550974399
246.061293595263 11.182966550974399
251.666653072388 11.182966550974399
254.9139177664203 11.182966550974399
259.22214334439224 11.182966550974399
266.74401207384307 11.182966550974399
270.63455934042014 11.182966550974399
273.1970429721176 11.182966550974399
278.15139883370824 11.182966550974399
282.7854048052261 11.182966550974399
292.18445603473776 11.182966550974399
296.44667645899403 11.182966550974399
300.6469017264325 11.182966550974399
308.6691423332804 11.182966550974399
311.758466676734 11.182966550974399
321.57625405890457 11.182966550974399
328.9668839343116 11.182966550974399
335.5941873223722 11.182966550974399
341.673312932607 11.182966550974399
345.9218080201004 11.182966550974399
349.10433811470926 11.182966550974399
351.0267866831739 11.182966550974399
356.1306965848552 11.182966550974399
359.2619571093827 11.182966550974399
364.14645500368437 11.182966550974399
368.4907735701836 11.182966550974399
371.4456620774542 11.182966550974399
378.57477484069364 11.182966550974399
380.53332425600394 11.182966550974399
382.5702811968737 11.182966550974399
384.5759746521891 11.182966550974399
388.2095645395675 11.182966550974399
395.438251782713 11.182966550974399
401.9320989545512 11.182966550974399
409.173083381447 11.182966550974399
413.10158848252553 11.182966550974399
415.35980608501615 11.182966550974399
420.0714888415383 11.182966550974399
426.8308261007281 11.182966550974399
429.1761016332378 11.182966550974399
430.92574208004135 11.182966550974399
435.6428653777558 11.182966550974399
445.26091553405115 11.182966550974399
448.75193214649875 11.182966550974399
454.08750407549087 11.182966550974399
458.6855954835982 11.182966550974399
459.69357364707525 11.182966550974399
462.1439673183214 11.182966550974399
463.83579570588677 11.182966550974399
470.06857806385307 11.182966550974399
479.24187144379266 11.182966550974399
483.278076820559 11.182966550974399
488.98476381077654 11.182966550974399
492.45740663465665 11.182966550974399
498.5955372356059 11.182966550974399
500.45512349133264 11.182966550974399
508.2434109161045 11.182966550974399
518.2230879857026 11.182966550974399
524.9513416293997 11.182966550974399
530.4905281698591 11.182966550974399
535.989918507143 11.182966550974399
544.4239906036487 11.182966550974399
551.5410491316567 11.182966550974399
553.0985652360654 11.182966550974399
561.642195768464 11.182966550974399
571.3089442201594 11.182966550974399
578.6606643000041 11.182966550974399
582.4561417118853 11.182966550974399
590.2725797065374 11.182966550974399
594.8256498032451 11.182966550974399
599.1573794941723 11.182966550974399
604.9389391517501 11.182966550974399
607.6538531017503 11.182966550974399
616.8891667084783 11.182966550974399
620.4007994461924 11.182966550974399
623.0378737187444 11.182966550974399
626.9331735494286 11.182966550974399
634.6102755250317 11.182966550974399
644.3795837501871 11.182966550974399
648.8130837079087 11.182966550974399
652.3154279291828 11.182966550974399
655.8297390966884 11.182966550974399
664.2528935979644 11.182966550974399
666.1169963895472 11.182966550974399
672.210528644373 11.182966550974399
680.7185180713446 11.182966550974399
686.7031411600276 11.182966550974399
696.2815852042354 11.182966550974399
703.2596120172196 11.182966550974399
712.4762348225336 11.182966550974399
720.6814838823465 11.182966550974399
727.7929283837695 11.182966550974399
736.4115622867938 11.182966550974399
742.045078031561 11.182966550974399
750.9640178719781 11.182966550974399
756.9804306500384 11.182966550974399
764.99355043791 11.182966550974399
766.227733357057 11.182966550974399
773.8583867289756 11.182966550974399
783.6078007192226 11.182966550974399
787.2443012021283 11.182966550974399
794.2376820456425 11.182966550974399
802.2457607466548 11.182966550974399
811.9390980993778 11.182966550974399
814.4074989444051 11.182966550974399
823.1208121686064 11.182966550974399
829.8373911520214 11.182966550974399
831.6150698656785 11.182966550974399
833.761745787075 11.182966550974399
841.269775758477 11.182966550974399
848.5642878156406 11.182966550974399
856.5587365556845 11.182966550974399
860.9410577330566 11.182966550974399
868.2813306565473 11.182966550974399
874.296426706336 11.182966550974399
880.3001419199315 11.182966550974399
887.3606771801378 11.182966550974399
888.6805005039132 11.182966550974399
894.6467193022468 11.182966550974399
899.998112452868 11.182966550974399
901.5692387880284 11.182966550974399
907.4250920026103 11.182966550974399
915.1313208062069 11.182966550974399
920.5721998798839 11.182966550974399
921.9713881984949 11.182966550974399
931.5406617718548 11.182966550974399
941.2282281473474 11.182966550974399
948.6296498296535 11.182966550974399
950.8411952262642 11.182966550974399
959.351004344391 11.182966550974399
962.3032387747597 11.182966550974399
967.1036514840911 11.182966550974399
970.7225252910827 11.182966550974399
977.2419645450572 11.182966550974399
981.4545216801106 11.182966550974399
983.9402429092552 11.182966550974399
993.109633959885 11.182966550974399
1001.2220621440739 11.182966550974399
1009.8323287835468 11.182966550974399
1014.8736472605137 11.182966550974399
1019.1602178725315 11.182966550974399
1028.5049027050836 11.182966550974399
1034.5938591347922 11.182966550974399
1042.7610909785462 11.182966550974399
1049.3064320330338 11.182966550974399
1050.8750467848877 11.182966550974399
1054.9019821585962 11.182966550974399
1057.8298520504368 11.182966550974399
1065.9559490564811 11.182966550974399
1075.0350318163887 11.182966550974399
1081.8617312332997 11.182966550974399
1090.8088479979288 11.182966550974399
1100.3357837963147 11.182966550974399
1102.7159614509494 11.182966550974399
1103.9415519632842 11.182966550974399
1111.5234515956183 11.182966550974399
1116.3208298104237 11.182966550974399
1121.3591060908839 11.182966550974399
1123.3464917016315 11.182966550974399
1131.107860309323 11.182966550974399
1134.2311127187206 11.182966550974399
1141.7717030106296 11.182966550974399
1149.88386102442 11.182966550974399
1154.8630516155688 11.182966550974399
1156.0349790411226 11.182966550974399
1159.2612273869931 11.182966550974399
1161.6321075452818 11.182966550974399
1166.3819499725855 11.182966550974399
1168.5439372110034 11.182966550974399
1178.2187050317502 11.182966550974399
1180.9558160448832 11.182966550974399
1188.7903718310565 11.182966550974399
1198.097273171499 11.182966550974399
1199.2848010503528 11.182966550974399
1201.586505380507 11.182966550974399
1204.9124386653768 11.182966550974399
1211.0534104901049 11.182966550974399
1218.2904981180868 11.182966550974399
1225.3303156536485 11.182966550974399
1229.9006577944979 11.182966550974399
1237.7213517572934 11.182966550974399
1241.6881942219427 11.182966550974399
1247.0979465675082 11.182966550974399
1254.1035278949762 11.182966550974399
1257.6605337886565 11.182966550974399
1258.902209657387 11.182966550974399
1266.9045284878089 11.182966550974399
1273.618954116176 11.182966550974399
1282.7404305446369 11.182966550974399
1286.8355651043464 11.182966550974399
1296.7346185100175 11.182966550974399
1299.0544951544264 11.182966550974399
1307.284758709224 11.182966550974399
1315.2345359367675 11.182966550974399
1325.1841851172892 11.182966550974399
1333.282323042036 11.182966550974399
1343.160072701256 11.182966550974399
1349.5277014627525 11.182966550974399
1355.2799689854537 11.182966550974399
1361.9857390074746 11.182966550974399
1364.761031773163 11.182966550974399
1367.324285822478 11.182966550974399
1371.9441865038755 11.182966550974399
1381.0529143923636 11.182966550974399
1383.50783603898 11.182966550974399
1391.5354828480451 11.182966550974399
1399.215124569513 11.182966550974399
1403.8277291415873 11.182966550974399
1411.529952234448 11.182966550974399
1416.988787086799 11.182966550974399
1426.3838934202267 11.182966550974399
1430.3285962238608 11.182966550974399
1438.406973212215 11.182966550974399
1445.5651455659622 11.182966550974399
1451.9609038101514 11.182966550974399
1460.6306016347398 11.182966550974399
1462.69964131309 11.182966550974399
1470.0000363261047 11.182966550974399
1473.8040538330006 11.182966550974399
1483.3655359263125 11.182966550974399
1486.0948511771992 11.182966550974399
1493.7211456505004 11.182966550974399
1501.550436064718 11.182966550974399
1504.291183529884 11.182966550974399
1513.6331474399426 11.182966550974399
1520.577038174976 11.182966550974399
1524.8000653989136 11.182966550974399
1526.1583425661709 11.182966550974399
1528.6176320140362 11.182966550974399
1533.5964207424558 11.182966550974399
1540.9621234646027 11.182966550974399
1544.4664777419966 11.182966550974399
1551.9650861423174 11.182966550974399
1557.6731886971272 11.182966550974399
1566.4668028161025 11.182966550974399
1570.908588012943 11.182966550974399
1572.2549175454612 11.182966550974399
1578.256437788096 11.182966550974399
1580.2607174957589 11.182966550974399
1586.0829139014656 11.182966550974399
1595.7724117063494 11.182966550974399
1598.117503861064 11.182966550974399
1601.549961862583 11.182966550974399
1603.2696894569365 11.182966550974399
1606.3637873776192 11.182966550974399
1614.6690132676156 11.182966550974399
1623.5877923545468 11.182966550974399
1632.7361191600978 11.182966550974399
1638.439832630825 11.182966550974399
1648.134993117269 11.182966550974399
1653.9354031700962 11.182966550974399
1656.1782292273215 11.182966550974399
1664.2352855159145 11.182966550974399
1672.2917414453389 11.182966550974399
1673.7274391730414 11.182966550974399
1680.1695701981405 11.182966550974399
1687.7405551682584 11.182966550974399
1697.2189580173795 11.182966550974399
1706.8694336173226 11.182966550974399
1710.3861862373747 11.182966550974399
1719.4575211918732 11.182966550974399
1725.786180303266 11.182966550974399
1732.5346778033677 11.182966550974399
1739.1183330858923 11.182966550974399
1741.2127243926307 11.182966550974399
1744.4054403735609 11.182966550974399
1752.1611960850391 11.182966550974399
1759.7491991911568 11.182966550974399
1764.2107000156811 11.182966550974399
1765.5224885786217 11.182966550974399
1767.2047378608545 11.182966550974399
1769.9190689347806 11.182966550974399
1775.1486367659368 11.182966550974399
1779.4138715000145 11.182966550974399
1782.9132686401567 11.182966550974399
1790.4332666441212 11.182966550974399
1794.2012386473377 11.182966550974399
1797.1481173280936 11.182966550974399
1805.1799600484896 11.182966550974399
1807.0721521983132 11.182966550974399
1816.0130376113018 11.182966550974399
1825.1033452227264 11.182966550974399
1828.3720711273343 11.182966550974399
1831.8230749225065 11.182966550974399
1835.571236370919 11.182966550974399
1837.9612972584591 11.182966550974399
1846.0906910272518 11.182966550974399
1849.4748710500169 11.182966550974399
1854.8941678379813 11.182966550974399
1859.3670410062798 11.182966550974399
1860.5187364160297 11.182966550974399
1869.7241829619047 11.182966550974399
1872.256574037115 11.182966550974399
1879.0993130915679 11.182966550974399
1883.6266292759203 11.182966550974399
1885.6763388794143 11.182966550974399
1888.1806552201895 11.182966550974399
1890.9769705808856 11.182966550974399
1897.7920183737383 11.182966550974399
1901.1433508621985 11.182966550974399
1905.9125336692357 11.182966550974399
1914.479172387075 11.182966550974399
1917.2610094562367 11.182966550974399
1919.8814626206722 11.182966550974399
1925.141619698773 11.182966550974399
1930.7144308649044 11.182966550974399
1933.0561836688066 11.182966550974399
1942.9700059196923 11.182966550974399
1944.1313812200947 11.182966550974399
1945.999109542072 11.182966550974399
1947.5470818630745 11.182966550974399
1950.7299680857445 11.182966550974399
1953.6278610376219 11.182966550974399
1960.0453901251253 11.182966550974399
1963.6684732449846 11.182966550974399
1966.2945931901331 11.182966550974399
1972.2477499987888 11.182966550974399
1976.1963197409134 11.182966550974399
1980.879330359501 11.182966550974399
1990.0446583413243 11.182966550974399
1992.1559175007246 11.182966550974399
1993.4454023792812 11.182966550974399
1995.939487667796 11.182966550974399
2000.161981972127 11.182966550974399
2004.5298943050389 11.182966550974399
2013.7466859776946 11.182966550974399
2016.2991614949326 11.182966550974399
2020.6982626381139 11.182966550974399
2029.3146296065806 11.182966550974399
2036.0644831498782 11.182966550974399
2044.5524548912324 11.182966550974399
2054.462665987086 11.182966550974399
2057.8321544613327 11.182966550974399
2059.2126670445186 11.182966550974399
2064.4916539346145 11.182966550974399
2071.2082043030796 11.182966550974399
2073.029050832215 11.182966550974399
2074.5587388158524 11.182966550974399
2077.6871046565107 11.182966550974399
2085.31935249318 11.182966550974399
2091.9548152142393 11.182966550974399
2099.392403261206 11.182966550974399
2104.344210128043 11.182966550974399
2112.949901599468 11.182966550974399
2122.0132377318355 11.182966550974399
2127.102424244086 11.182966550974399
2136.9902933099274 11.182966550974399
2146.7735588377773 11.182966550974399
2150.2118083415867 11.182966550974399
2151.316326446898 11.182966550974399
2153.212237815129 11.182966550974399
2154.906100894378 11.182966550974399
2160.06060016023 11.182966550974399
2164.429467080475 11.182966550974399
2168.1234571060895 11.182966550974399
2172.02357463137 11.182966550974399
2173.6432827921735 11.182966550974399
2179.2866206147364 11.182966550974399
2185.8834987842024 11.182966550974399
2191.2324224265476 11.182966550974399
2199.1845739899227 11.182966550974399
2202.2803280751987 11.182966550974399
2203.774571908332 11.182966550974399
2208.9392119152203 11.182966550974399
2211.39164778472 11.182966550974399
2220.9590743013982 11.182966550974399
2230.262256190228 11.182966550974399
2239.8050263126133 11.182966550974399
2244.724058220085 11.182966550974399
2247.1362648601703 11.182966550974399
2256.780789840187 11.182966550974399
2264.3582278226445 11.182966550974399
2270.271303341352 11.182966550974399
2280.2049570775484 11.182966550974399
2288.625913700054 11.182966550974399
2293.0892158859474 11.182966550974399
2298.9482893730337 11.182966550974399
2303.3532082373536 11.182966550974399
2307.412279650018 11.182966550974399
2317.1691487992325 11.182966550974399
2324.6377643196847 11.182966550974399
2328.908742385259 11.182966550974399
2332.0069190996314 11.182966550974399
2334.2129637695157 11.182966550974399
2343.0068175796723 11.182966550974399
2344.711395373546 11.182966550974399
2348.7788996317913 11.182966550974399
2354.071270337528 11.182966550974399
2358.8547642924227 11.182966550974399
2366.635366184658 11.182966550974399
2373.4877836356072 11.182966550974399
2381.008692767522 11.182966550974399
2384.5683159636997 11.182966550974399
2389.4453297587434 11.182966550974399
2397.6550339259898 11.182966550974399
2400.622633240327 11.182966550974399
2407.6084151207606 11.182966550974399
2412.215587687698 11.182966550974399
2414.0560100514836 11.182966550974399
2423.8388055884316 11.182966550974399
2427.5916317076276 11.182966550974399
2431.210080483725 11.182966550974399
2440.211830349689 11.182966550974399
2449.8187015029303 11.182966550974399
2456.656871787768 11.182966550974399
2465.905987325605 11.182966550974399
2473.6161367168907 11.182966550974399
2481.965375009224 11.182966550974399
2488.993636221533 11.182966550974399
2493.043154298378 11.182966550974399
2501.6429671150067 11.182966550974399
2507.801046727196 11.182966550974399
2512.582501358882 11.182966550974399
2516.042933242988 11.182966550974399
2520.6952486752393 11.182966550974399
2526.727213064562 11.182966550974399
2530.541604907509 11.182966550974399
2536.723735782236 11.182966550974399
2542.542181559488 11.182966550974399
2545.3069479886117 11.182966550974399
2547.844376183204 11.182966550974399
2554.4479110917446 11.182966550974399
2562.2104921456835 11.182966550974399
2566.6250946192376 11.182966550974399
2574.0632386486704 11.182966550974399
2578.8794318262067 11.182966550974399
2581.068522727599 11.182966550974399
2587.81085021563 11.182966550974399
2594.8158923591773 11.182966550974399
2601.372440925037 11.182966550974399
2604.900554860986 11.182966550974399
2610.5820565857925 11.182966550974399
2619.3430624716952 11.182966550974399
2623.2967115367383 11.182966550974399
2629.622385904299 11.182966550974399
2631.1353960926167 11.182966550974399
2638.998172772955 11.182966550974399
2644.532472945451 11.182966550974399
2654.4971852086233 11.182966550974399
2657.4899606757167 11.182966550974399
2666.8305332108275 11.182966550974399
2675.3522657242047 11.182966550974399
2678.4046507392327 11.182966550974399
2681.184559250064 11.182966550974399
2686.363013448703 11.182966550974399
2695.356040216591 11.182966550974399
2703.0306608874216 11.182966550974399
2707.9274424424552 11.182966550974399
2713.7821688637882 11.182966550974399
2716.573201522224 11.182966550974399
2723.3140207567094 11.182966550974399
2726.8561331593196 11.182966550974399
2728.105439478129 11.182966550974399
2732.316782496281 11.182966550974399
2737.2969527390496 11.182966550974399
2738.4832283226156 11.182966550974399
2745.9740685937404 11.182966550974399
2753.873984879793 11.182966550974399
2761.223806611422 11.182966550974399
2762.4853223255186 11.182966550974399
2769.3524848283155 11.182966550974399
2779.0861419175185 11.182966550974399
2780.9305503119026 11.182966550974399
2789.496151524259 11.182966550974399
2796.053430284211 11.182966550974399
2803.329061151335 11.182966550974399
2813.026181955777 11.182966550974399
2816.8891266420455 11.182966550974399
2825.90098071952 11.182966550974399
2834.0864562559955 11.182966550974399
2836.620851725454 11.182966550974399
2837.761242879752 11.182966550974399
2841.155523979805 11.182966550974399
2844.3312538941154 11.182966550974399
2850.161559798185 11.182966550974399
2854.9248089403973 11.182966550974399
2857.013957598235 11.182966550974399
2865.4129822909945 11.182966550974399
2872.297901718477 11.182966550974399
2878.470116992519 11.182966550974399
2882.130559221348 11.182966550974399
2891.714842408157 11.182966550974399
2893.382167099801 11.182966550974399
2895.336705471213 11.182966550974399
2899.071221390159 11.182966550974399
2902.5235650967215 11.182966550974399
2912.298256913021 11.182966550974399
2914.8950677136067 11.182966550974399
2918.6219224712586 11.182966550974399
2921.432135721141 11.182966550974399
2928.4312436719883 11.182966550974399
2934.0645708760794 11.182966550974399
2935.3746904894915 11.182966550974399
2939.5343177661953 11.182966550974399
2944.624007683809 11.182966550974399
2948.084777054764 11.182966550974399
2954.9836156671236 11.182966550974399
2963.1608172431042 11.182966550974399
2966.3406420387864 11.182966550974399
2974.450376782753 11.182966550974399
2979.549074574098 11.182966550974399
2989.076831337955 11.182966550974399
2993.585637086251 11.182966550974399
3001.6703886523164 11.182966550974399
3009.3032613779556 11.182966550974399
3015.905253559596 11.182966550974399
3023.261109794624 11.182966550974399
3027.276011337051 11.182966550974399
3029.6186358886453 11.182966550974399
3035.744718804851 11.182966550974399
3045.2826116458873 11.182966550974399
3047.917725030902 11.182966550974399
3055.2304461422723 11.182966550974399
3061.483060081686 11.182966550974399
3070.992311749975 11.182966550974399
3077.137271142704 11.182966550974399
3080.5772166677953 11.182966550974399
3083.7588640359086 11.182966550974399
3088.8134965178956 11.182966550974399
3095.1984404060895 11.182966550974399
3099.8627743884463 11.182966550974399
3101.397888938395 11.182966550974399
3107.0810199771367 11.182966550974399
3108.6739266541263 11.182966550974399
3118.543819116085 11.182966550974399
3127.0979518463787 11.182966550974399
3133.5122591539025 11.182966550974399
3137.1848018412516 11.182966550974399
3146.485592411209 11.182966550974399
3149.5215963727587 11.182966550974399
3151.2665239847092 11.182966550974399
3157.7329671047637 11.182966550974399
3165.3262954115576 11.182966550974399
3175.045339491209 11.182966550974399
3180.206725559875 11.182966550974399
3183.9614489051924 11.182966550974399
3188.0542386680017 11.182966550974399
3191.2062394061873 11.182966550974399
3198.0770878006706 11.182966550974399
3202.655090009779 11.182966550974399
3206.9309654285353 11.182966550974399
3209.9291220855566 11.182966550974399
3217.2061654636836 11.182966550974399
3218.867744980634 11.182966550974399
3227.2684735168364 11.182966550974399
3229.830663162712 11.182966550974399
3237.1395260985787 11.182966550974399
3240.9443497137368 11.182966550974399
3243.8639732909037 11.182966550974399
3251.397669455726 11.182966550974399
3260.0367053856903 11.182966550974399
3264.1899642539415 11.182966550974399
3265.245862542648 11.182966550974399
3269.8234879551924 11.182966550974399
3274.188100673413 11.182966550974399
3279.5961678083904 11.182966550974399
3287.5875047812997 11.182966550974399
3290.1899495589214 11.182966550974399
3299.2803302800853 11.182966550974399
3306.184394582588 11.182966550974399
3314.579304548981 11.182966550974399
3323.832819387378 11.182966550974399
3326.0627952979025 11.182966550974399
3329.5767881741085 11.182966550974399
3338.4015240759963 11.182966550974399
3345.513734177837 11.182966550974399
3348.6534032176155 11.182966550974399
3357.944661186592 11.182966550974399
3359.860184996465 11.182966550974399
3362.7730370733248 11.182966550974399
3363.782287333677 11.182966550974399
3371.6737355177866 11.182966550974399
3374.671441577858 11.182966550974399
3383.773203152516 11.182966550974399
3392.1960313778654 11.182966550974399
3401.071190970263 11.182966550974399
3408.685128870034 11.182966550974399
3416.377109620389 11.182966550974399
3419.4424649082066 11.182966550974399
3426.840164548757 11.182966550974399
3435.4013256488597 11.182966550974399
3442.4248140397085 11.182966550974399
3451.6969444168944 11.182966550974399
3458.8199936112615 11.182966550974399
3463.397421351548 11.182966550974399
3467.375206272812 11.182966550974399
3468.827252394031 11.182966550974399
3470.585352874635 11.182966550974399
3475.1783162663482 11.182966550974399
3478.3325862495367 11.182966550974399
3485.900613967722 11.182966550974399
3487.197955026473 11.182966550974399
3496.6137844365476 11.182966550974399
3498.767243072415 11.182966550974399
3508.1357700467124 11.182966550974399
3510.9859940341976 11.182966550974399
3513.499625106504 11.182966550974399
3519.219613272167 11.182966550974399
3524.005792836539 11.182966550974399
3533.2933460896256 11.182966550974399
3537.583333024929 11.182966550974399
3545.969270327755 11.182966550974399
3547.0551111257537 11.182966550974399
3553.511256136218 11.182966550974399
3554.784995360584 11.182966550974399
3559.097254200278 11.182966550974399
3565.023940150552 11.182966550974399
3568.539190036809 11.182966550974399
3570.5242674732094 11.182966550974399
3574.442337206652 11.182966550974399
3581.950520765238 11.182966550974399
3586.353769672431 11.182966550974399
3591.6900570194057 11.182966550974399
3600.902932557667 11.182966550974399
3609.7616190140648 11.182966550974399
3611.215847379 11.182966550974399
3613.6861169872773 11.182966550974399
3614.7514908970775 11.182966550974399
3622.244288173508 11.182966550974399
3623.8805182769433 11.182966550974399
3631.6424114079446 11.182966550974399
3636.9760243358596 11.182966550974399
3639.096557314338 11.182966550974399
3646.6595561136046 11.182966550974399
3648.143055624075 11.182966550974399
3655.9249112547996 11.182966550974399
3658.9344466193925 11.182966550974399
3664.6967718030605 11.182966550974399
3668.1335474554367 11.182966550974399
3674.1999922237505 11.182966550974399
3677.720133100042 11.182966550974399
3684.6142967326628 11.182966550974399
3686.775386853756 11.182966550974399
3693.544322176794 11.182966550974399
3700.2968921939005 11.182966550974399
3707.4207627589867 11.182966550974399
3716.168427481737 11.182966550974399
3723.1472582514853 11.182966550974399
3727.8955913024906 11.182966550974399
3729.6701844040813 11.182966550974399
3735.086611248775 11.182966550974399
3743.328442059389 11.182966550974399
3751.8604405043443 11.182966550974399
3759.8335331109583 11.182966550974399
3763.8801187169906 11.182966550974399
3765.641521897039 11.182966550974399
3774.2730721367034 11.182966550974399
3776.040077046733 11.182966550974399
3785.9532259151956 11.182966550974399
3793.933218828537 11.182966550974399
3800.8628774027675 11.182966550974399
3804.005966320055 11.182966550974399
3806.030213007996 11.182966550974399
3813.9554136284796 11.182966550974399
3818.9610501179814 11.182966550974399
3824.310969923374 11.182966550974399
3826.496470843745 11.182966550974399
3830.867622035827 11.182966550974399
3835.7548082441954 11.182966550974399
3836.998507563171 11.182966550974399
3843.1350076111758 11.182966550974399
3850.744263366861 11.182966550974399
3857.6692560910246 11.182966550974399
3859.716866439407 11.182966550974399
3861.5168060968826 11.182966550974399
3869.118200659463 11.182966550974399
3874.953159106403 11.182966550974399
3877.9535215427222 11.182966550974399
3886.758105720269 11.182966550974399
3890.081451943572 11.182966550974399
3892.992038006396 11.182966550974399
3894.070161313165 11.182966550974399
3898.1273668083104 11.182966550974399
3902.59388514238 11.182966550974399
3912.1378792432865 11.182966550974399
3921.145676513157 11.182966550974399
3928.139922849036 11.182966550974399
3934.6411728512326 11.182966550974399
3938.6769395727106 11.182966550974399
3946.8992748717756 11.182966550974399
3951.1222225501656 11.182966550974399
3955.112509822441 11.182966550974399
3956.600184672825 11.182966550974399
3959.3771650000153 11.182966550974399
3964.713331711735 11.182966550974399
3971.7863557402115 11.182966550974399
3979.6186892150486 11.182966550974399
3981.1582457953123 11.182966550974399
3986.947881942917 11.182966550974399
3991.3904710967745 11.182966550974399
3997.6182519612994 11.182966550974399
4005.8550118881535 11.182966550974399
4008.916308480623 11.182966550974399
4017.228589337992 11.182966550974399
4022.847948799089 11.182966550974399
4029.1587670192052 11.182966550974399
4035.6818556652843 11.182966550974399
4039.0812645671235 11.182966550974399
4047.584209578337 11.182966550974399
4049.8042249632567 11.182966550974399
4051.875082061702 11.182966550974399
4061.407013521028 11.182966550974399
4066.380403092525 11.182966550974399
4069.585156431501 11.182966550974399
4073.745793905758 11.182966550974399
4080.137134718641 11.182966550974399
4083.29672033273 11.182966550974399
4089.995693729146 11.182966550974399
4092.0012535301594 11.182966550974399
4097.450292482555 11.182966550974399
4103.92018174712 11.182966550974399
4106.90109449469 11.182966550974399
4116.416563032391 11.182966550974399
4123.26572586663 11.182966550974399
4127.007229583219 11.182966550974399
4132.700749186502 11.182966550974399
4137.366412985687 11.182966550974399
4139.388373026035 11.182966550974399
4148.262531303101 11.182966550974399
4150.080127564081 11.182966550974399
4152.129415624293 11.182966550974399
4155.95088707352 11.182966550974399
4158.309593407525 11.182966550974399
4163.1353007741845 11.182966550974399
4171.744983095721 11.182966550974399
4174.997235942153 11.182966550974399
4179.114264986523 11.182966550974399
4184.05710638382 11.182966550974399
4191.0486057344415 11.182966550974399
4194.543315935173 11.182966550974399
4200.298026189132 11.182966550974399
4208.982609248734 11.182966550974399
4210.840647742722 11.182966550974399
4215.301587455383 11.182966550974399
4223.379865358505 11.182966550974399
4225.699734535788 11.182966550974399
4230.90434965205 11.182966550974399
4235.43179499245 11.182966550974399
4238.857568316285 11.182966550974399
4248.213742465315 11.182966550974399
4253.823974208456 11.182966550974399
4258.566876660591 11.182966550974399
4260.863396706027 11.182966550974399
4266.204694973258 11.182966550974399
4269.124569599491 11.182966550974399
4275.227178044269 11.182966550974399
4281.6095112407775 11.182966550974399
4286.369201585596 11.182966550974399
4295.405014441601 11.182966550974399
4301.457961676349 11.182966550974399
4309.370724806763 11.182966550974399
4316.646395055291 11.182966550974399
4320.162544085194 11.182966550974399
4326.906734616056 11.182966550974399
4335.643794381365 11.182966550974399
4340.744542092277 11.182966550974399
4342.734886186928 11.182966550974399
4349.765079797022 11.182966550974399
4359.213752575836 11.182966550974399
4362.178609800379 11.182966550974399
4372.130883138975 11.182966550974399
4380.796134264128 11.182966550974399
4383.4004018871865 11.182966550974399
4392.348111954887 11.182966550974399
4396.676342570744 11.182966550974399
4405.940193291882 11.182966550974399
4414.337157443957 11.182966550974399
4420.025635040696 11.182966550974399
4423.418268088321 11.182966550974399
4425.915517275415 11.182966550974399
4435.75149128944 11.182966550974399
4438.649951054894 11.182966550974399
4447.382780564686 11.182966550974399
4452.74105549921 11.182966550974399
4455.269028553285 11.182966550974399
4459.342158368201 11.182966550974399
4464.929759359395 11.182966550974399
4467.738432828336 11.182966550974399
4474.804204952499 11.182966550974399
4480.3025065248785 11.182966550974399
4481.7516790183945 11.182966550974399
4484.9826919180905 11.182966550974399
4486.15249842083 11.182966550974399
4495.054147920363 11.182966550974399
4498.901107971503 11.182966550974399
4505.728473462042 11.182966550974399
4512.264959249449 11.182966550974399
4513.590642888604 11.182966550974399
4522.960590434248 11.182966550974399
4524.725682779971 11.182966550974399
4531.630287655896 11.182966550974399
4540.277284895578 11.182966550974399
4545.925174978704 11.182966550974399
4549.018772649848 11.182966550974399
4552.3357715469365 11.182966550974399
4556.817768249359 11.182966550974399
4565.024688351255 11.182966550974399
4570.5899965555545 11.182966550974399
4573.228121838674 11.182966550974399
4577.949750889418 11.182966550974399
4585.783609826491 11.182966550974399
4592.375248161049 11.182966550974399
4593.491926126938 11.182966550974399
4602.3010854268205 11.182966550974399
4610.842440650791 11.182966550974399
4613.267608551682 11.182966550974399
4617.369337230051 11.182966550974399
4622.946460833651 11.182966550974399
4630.93405291078 11.182966550974399
4636.3345080418185 11.182966550974399
4644.836796808547 11.182966550974399
4649.404460615403 11.182966550974399
4658.763087437562 11.182966550974399
4664.851876876698 11.182966550974399
4669.145647205108 11.182966550974399
4676.132481284893 11.182966550974399
4680.713374087807 11.182966550974399
4686.361270120264 11.182966550974399
4693.19831543177 11.182966550974399
4701.731892664113 11.182966550974399
4705.682557407841 11.182966550974399
4710.640741291382 11.182966550974399
4714.9021927662125 11.182966550974399
4719.400821070424 11.182966550974399
4723.72449502796 11.182966550974399
4726.158315935696 11.182966550974399
4734.496349565228 11.182966550974399
4743.666478361576 11.182966550974399
4751.493710664423 11.182966550974399
4760.558263438574 11.182966550974399
4765.387008819636 11.182966550974399
4771.636342936057 11.182966550974399
4781.061211900138 11.182966550974399
4790.399938738418 11.182966550974399
4793.0429199140335 11.182966550974399
4798.128130764847 11.182966550974399
4804.24766965545 11.182966550974399
4814.065368999004 11.182966550974399
4822.536555156664 11.182966550974399
4826.046669527173 11.182966550974399
4832.186695372462 11.182966550974399
4839.8580385270425 11.182966550974399
4846.001392056763 11.182966550974399
4851.026767956497 11.182966550974399
4856.027070866048 11.182966550974399
4865.381349912397 11.182966550974399
4867.6659038920325 11.182966550974399
4876.5548813994765 11.182966550974399
4877.6267575915335 11.182966550974399
4887.049805704095 11.182966550974399
4888.397432844392 11.182966550974399
4891.4389542602685 11.182966550974399
4893.0365010809655 11.182966550974399
4897.911800812677 11.182966550974399
4906.969481806617 11.182966550974399
4913.9670830639125 11.182966550974399
4919.785017808316 11.182966550974399
4921.427559383403 11.182966550974399
4930.882390804937 11.182966550974399
4936.660487477455 11.182966550974399
4945.966865960271 11.182966550974399
4949.451004943299 11.182966550974399
4957.565668195512 11.182966550974399
4958.985700236625 11.182966550974399
4965.790220955816 11.182966550974399
4973.469883305863 11.182966550974399
4982.634127526136 11.182966550974399
4987.471462196538 11.182966550974399
4995.261376379716 11.182966550974399
5004.387062215852 11.182966550974399
5006.353335897681 11.182966550974399
5007.902387099737 11.182966550974399
5015.380746751494 11.182966550974399
5023.578526920955 11.182966550974399
5028.269696022741 11.182966550974399
5034.572613918561 11.182966550974399
5043.518440514022 11.182966550974399
5053.029833223731 11.182966550974399
5056.735169034706 11.182966550974399
5060.033819597684 11.182966550974399
5065.183942209673 11.182966550974399
5070.28621857646 11.182966550974399
5072.721096240028 11.182966550974399
5077.203278679199 11.182966550974399
5085.807199085963 11.182966550974399
5088.864721766592 11.182966550974399
5098.11244713031 11.182966550974399
5104.83217352071 11.182966550974399
5110.2815878850315 11.182966550974399
5112.298883397596 11.182966550974399
5114.936153803817 11.182966550974399
5121.852382928445 11.182966550974399
5129.724591319849 11.182966550974399
5133.343778915415 11.182966550974399
5136.76233972562 11.182966550974399
5146.675971515139 11.182966550974399
5148.74988473927 11.182966550974399
5153.145401511373 11.182966550974399
5155.709476602517 11.182966550974399
5161.441321532438 11.182966550974399
5167.197598155326 11.182966550974399
5171.147330345509 11.182966550974399
5173.772699626314 11.182966550974399
5177.833461782243 11.182966550974399
5187.1141488473095 11.182966550974399
5193.165555801668 11.182966550974399
5201.499863296876 11.182966550974399
5205.912350014264 11.182966550974399
5209.186534427604 11.182966550974399
5217.658218224354 11.182966550974399
5223.990834426696 11.182966550974399
5232.951758152045 11.182966550974399
5236.1232939434485 11.182966550974399
5242.8080954436255 11.182966550974399
5246.746725839008 11.182966550974399
5250.28013953332 11.182966550974399
5259.831313475047 11.182966550974399
5267.042331817181 11.182966550974399
5273.398376049435 11.182966550974399
5278.106182860727 11.182966550974399
5283.598674551893 11.182966550974399
5288.484019164942 11.182966550974399
5296.529456077683 11.182966550974399
5302.317182528914 11.182966550974399
5304.869934077523 11.182966550974399
5308.307493773696 11.182966550974399
5314.938740922618 11.182966550974399
5323.200219724493 11.182966550974399
5331.15764873049 11.182966550974399
5339.56128708215 11.182966550974399
5343.394256686684 11.182966550974399
5346.2561337444795 11.182966550974399
5351.423152348878 11.182966550974399
5358.417907939728 11.182966550974399
5366.2224906299325 11.182966550974399
5374.312411747636 11.182966550974399
5378.047860372095 11.182966550974399
5381.586160307722 11.182966550974399
5388.518843239174 11.182966550974399
5390.140942253812 11.182966550974399
5395.22099441647 11.182966550974399
5403.68601354029 11.182966550974399
5412.38192704175 11.182966550974399
5420.084176829449 11.182966550974399
5428.759764677194 11.182966550974399
5436.149402536154 11.182966550974399
5437.906991380115 11.182966550974399
5447.583453449102 11.182966550974399
5454.731724585822 11.182966550974399
5458.285220094313 11.182966550974399
5462.910420214504 11.182966550974399
5471.79111529424 11.182966550974399
5480.019962983906 11.182966550974399
5483.501773219399 11.182966550974399
5490.195689232013 11.182966550974399
5497.473771744122 11.182966550974399
5501.492169085364 11.182966550974399
5504.845391110353 11.182966550974399
5509.10805161162 11.182966550974399
5510.186913635927 11.182966550974399
5511.30338104681 11.182966550974399
5512.96600142796 11.182966550974399
5522.051103003411 11.182966550974399
5531.439464280449 11.182966550974399
5541.076184115996 11.182966550974399
5543.494643259199 11.182966550974399
5548.317923298746 11.182966550974399
5549.423301186928 11.182966550974399
5556.902613232664 11.182966550974399
5563.675485977067 11.182966550974399
5572.26742521787 11.182966550974399
5576.481871005828 11.182966550974399
5582.899921792587 11.182966550974399
5584.17889406324 11.182966550974399
5585.670375323531 11.182966550974399
5587.556582493508 11.182966550974399
5589.145970657558 11.182966550974399
5590.993503367552 11.182966550974399
5597.306703073838 11.182966550974399
5602.645373528171 11.182966550974399
5610.035136726634 11.182966550974399
5614.9063976938205 11.182966550974399
5620.001223609353 11.182966550974399
5627.520379052331 11.182966550974399
5631.643415699416 11.182966550974399
5641.072316997975 11.182966550974399
5648.090210345171 11.182966550974399
5655.415477641362 11.182966550974399
5656.940632535082 11.182966550974399
5665.664691687355 11.182966550974399
5667.817282842268 11.182966550974399
5675.199686152387 11.182966550974399
5679.686641868986 11.182966550974399
5685.387963181292 11.182966550974399
5691.299492594912 11.182966550974399
5695.651866253665 11.182966550974399
5699.011016615687 11.182966550974399
5704.860708684316 11.182966550974399
5706.200812920729 11.182966550974399
5715.867147395204 11.182966550974399
5722.470226248714 11.182966550974399
5729.166155279225 11.182966550974399
5730.673366377223 11.182966550974399
5733.058031036344 11.182966550974399
5738.95893133808 11.182966550974399
5745.145860838705 11.182966550974399
5747.924017318617 11.182966550974399
5756.27839983537 11.182966550974399
5758.453843190782 11.182966550974399
5764.659506813755 11.182966550974399
5768.190573967682 11.182966550974399
5777.952395417537 11.182966550974399
5781.020958542344 11.182966550974399
5786.149867063046 11.182966550974399
5795.010631387784 11.182966550974399
5799.372379343491 11.182966550974399
5802.299526269532 11.182966550974399
5806.090867521751 11.182966550974399
5811.005664533618 11.182966550974399
5818.370901665829 11.182966550974399
5823.415921449376 11.182966550974399
5830.113157750136 11.182966550974399
5836.529385863804 11.182966550974399
5844.589440492525 11.182966550974399
5846.753046261604 11.182966550974399
5849.6155394576845 11.182966550974399
5854.448707453938 11.182966550974399
5857.314736502304 11.182966550974399
5865.253958760485 11.182966550974399
5873.380109208687 11.182966550974399
5880.389030118156 11.182966550974399
5887.777048480635 11.182966550974399
5891.039916027844 11.182966550974399
5896.062808329835 11.182966550974399
5902.771126317074 11.182966550974399
5910.02752882817 11.182966550974399
5919.223377002557 11.182966550974399
5922.20991832529 11.182966550974399
5925.420952265121 11.182966550974399
5934.364976322739 11.182966550974399
5940.636382700123 11.182966550974399
5946.920471724755 11.182966550974399
5952.898575674755 11.182966550974399
5957.912272067721 11.182966550974399
5961.407115860716 11.182966550974399
5968.203912265527 11.182966550974399
5975.212238558282 11.182966550974399
5981.70724380086 11.182966550974399
5984.109565092155 11.182966550974399
5989.619932929361 11.182966550974399
5994.665265796197 11.182966550974399
5995.924553673418 11.182966550974399
6003.007755239362 11.182966550974399
6005.383080634956 11.182966550974399
6014.876632925924 11.182966550974399
6022.061400476217 11.182966550974399
6031.959903223606 11.182966550974399
6033.758647634904 11.182966550974399
6038.588367194668 11.182966550974399
6046.203995317731 11.182966550974399
6055.208596946548 11.182966550974399
6059.409842902259 11.182966550974399
6066.818592582299 11.182966550974399
6069.076763907784 11.182966550974399
6077.116249713822 11.182966550974399
6086.64515415503 11.182966550974399
6094.193593484554 11.182966550974399
6101.134064378913 11.182966550974399
6103.267869754604 11.182966550974399
6111.082082328978 11.182966550974399
6118.886274127921 11.182966550974399
6125.671252733502 11.182966550974399
6133.026347194224 11.182966550974399
6139.617827572195 11.182966550974399
6149.192499651301 11.182966550974399
6154.062086064539 11.182966550974399
6155.831197528442 11.182966550974399
6161.632709521516 11.182966550974399
6167.851112805861 11.182966550974399
6174.83955383538 11.182966550974399
6183.053284444929 11.182966550974399
6192.03832449475 11.182966550974399
6200.559186323116 11.182966550974399
6210.321363504248 11.182966550974399
6216.036355256116 11.182966550974399
6219.921768419831 11.182966550974399
6227.507388548921 11.182966550974399
6229.621181803542 11.182966550974399
6235.318001172916 11.182966550974399
6244.676716483367 11.182966550974399
6246.415589243302 11.182966550974399
6253.178812982884 11.182966550974399
6256.521403664486 11.182966550974399
6261.868810669001 11.182966550974399
6264.917466629034 11.182966550974399
6269.51373321103 11.182966550974399
6273.422377449594 11.182966550974399
6282.218016781527 11.182966550974399
6291.6485015643775 11.182966550974399
6301.181527581864 11.182966550974399
6304.3431729530885 11.182966550974399
6310.169139119925 11.182966550974399
6315.024755218793 11.182966550974399
6323.88026571443 11.182966550974399
6333.045151549986 11.182966550974399
6337.052369543362 11.182966550974399
6341.255323985485 11.182966550974399
6348.1416148308645 11.182966550974399
6352.976292523737 11.182966550974399
6360.166274362005 11.182966550974399
6367.1447768910475 11.182966550974399
6375.4147169972675 11.182966550974399
6383.213120804668 11.182966550974399
6387.798321903858 11.182966550974399
6393.451922473202 11.182966550974399
6400.443779589608 11.182966550974399
6402.390632189344 11.182966550974399
6407.702039030194 11.182966550974399
6413.9390661680345 11.182966550974399
6422.1045153796995 11.182966550974399
6431.442739318422 11.182966550974399
6434.508759367333 11.182966550974399
6439.425252865507 11.182966550974399
6449.021322247598 11.182966550974399
6450.582297949758 11.182966550974399
6455.201903835081 11.182966550974399
6457.70533569509 11.182966550974399
6459.982269993509 11.182966550974399
6462.380349570337 11.182966550974399
6466.459643786228 11.182966550974399
6476.2072351343895 11.182966550974399
6478.948845015245 11.182966550974399
6484.162020346868 11.182966550974399
6489.926180627817 11.182966550974399
6491.758480210484 11.182966550974399
6497.667034791448 11.182966550974399
6507.216238329729 11.182966550974399
6515.381171377122 11.182966550974399
6520.340521848853 11.182966550974399
6529.93891750122 11.182966550974399
6535.5594484709345 11.182966550974399
6538.433313203917 11.182966550974399
6540.231489165379 11.182966550974399
6542.62218367115 11.182966550974399
6551.460778643966 11.182966550974399
6556.509590479875 11.182966550974399
6558.177825319072 11.182966550974399
6566.490438525991 11.182966550974399
6571.304926746331 11.182966550974399
6579.7171895243355 11.182966550974399
6584.55137839463 11.182966550974399
6591.158643676973 11.182966550974399
6594.279229061234 11.182966550974399
6601.643221232106 11.182966550974399
6608.376563005282 11.182966550974399
6617.076768798875 11.182966550974399
6622.883690624607 11.182966550974399
6627.487938871376 11.182966550974399
6636.58221177863 11.182966550974399
6641.089713173682 11.182966550974399
6649.622646432692 11.182966550974399
6656.381770740943 11.182966550974399
6665.202212526199 11.182966550974399
6674.44337288917 11.182966550974399
6678.877744470006 11.182966550974399
6683.872445692457 11.182966550974399
6686.005153407037 11.182966550974399
6689.206349451114 11.182966550974399
6694.683941926427 11.182966550974399
6696.483873695738 11.182966550974399
6705.816422246158 11.182966550974399
6707.774843208072 11.182966550974399
6709.191143044122 11.182966550974399
6710.567213733563 11.182966550974399
6715.00080783791 11.182966550974399
6722.793806486784 11.182966550974399
6726.368472815947 11.182966550974399
6735.57472410731 11.182966550974399
6740.121066746391 11.182966550974399
6749.836423250841 11.182966550974399
6759.755629015064 11.182966550974399
6765.911897080777 11.182966550974399
6772.70578306182 11.182966550974399
6781.096272794172 11.182966550974399
6788.645956688279 11.182966550974399
6789.952984879251 11.182966550974399
6795.243397277463 11.182966550974399
6797.590933495073 11.182966550974399
6803.550920436151 11.182966550974399
6810.703029687063 11.182966550974399
6814.782335821817 11.182966550974399
6818.400159908756 11.182966550974399
6826.586954246645 11.182966550974399
6830.082991866481 11.182966550974399
6833.543054395974 11.182966550974399
6842.502974741018 11.182966550974399
6846.257405144136 11.182966550974399
6849.288457420991 11.182966550974399
6851.58668824832 11.182966550974399
6855.112507761621 11.182966550974399
6856.464187433092 11.182966550974399
6859.060065570093 11.182966550974399
6862.54649283253 11.182966550974399
6865.319030305577 11.182966550974399
6872.144703297412 11.182966550974399
6881.425508616137 11.182966550974399
6883.945467187098 11.182966550974399
6885.241981199217 11.182966550974399
6890.666766438509 11.182966550974399
6899.680228644995 11.182966550974399
6909.405502993617 11.182966550974399
6917.874795926889 11.182966550974399
6927.096758912122 11.182966550974399
6933.411331396667 11.182966550974399
6936.907544977053 11.182966550974399
6938.538784311474 11.182966550974399
6941.929037808661 11.182966550974399
6949.486255034296 11.182966550974399
6957.100885523132 11.182966550974399
6963.848894637221 11.182966550974399
6970.727582653867 11.182966550974399
6975.643459495678 11.182966550974399
6978.26190627014 11.182966550974399
6979.519761405635 11.182966550974399
6984.19746211975 11.182966550974399
6986.599230728964 11.182966550974399
6994.86127455447 11.182966550974399
7001.966918308739 11.182966550974399
7003.552465560321 11.182966550974399
7007.854025097825 11.182966550974399
7011.200881604047 11.182966550974399
7014.01886262514 11.182966550974399
7016.2857240623125 11.182966550974399
7022.15878661609 11.182966550974399
7029.80212581609 11.182966550974399
7037.789396899474 11.182966550974399
7043.135182258213 11.182966550974399
7045.922380234885 11.182966550974399
7052.971606453668 11.182966550974399
7061.672183278609 11.182966550974399
7067.493414462821 11.182966550974399
7069.975290790726 11.182966550974399
7077.269782272913 11.182966550974399
7079.31261961083 11.182966550974399
7083.283999529061 11.182966550974399
7088.681480856718 11.182966550974399
7093.313635396495 11.182966550974399
7098.362895122719 11.182966550974399
7104.234525507737 11.182966550974399
7113.876230173073 11.182966550974399
7115.766240599411 11.182966550974399
7123.536765341895 11.182966550974399
7127.742286550937 11.182966550974399
7133.239616423815 11.182966550974399
7141.411426741494 11.182966550974399
7142.953400346526 11.182966550974399
7144.211906132733 11.182966550974399
7148.933344507489 11.182966550974399
7158.526099721936 11.182966550974399
7166.54835003814 11.182966550974399
7168.905183890475 11.182966550974399
7170.910561367661 11.182966550974399
7179.4674326720115 11.182966550974399
7185.684877020334 11.182966550974399
7192.825506098525 11.182966550974399
7202.722188376351 11.182966550974399
7211.558687867028 11.182966550974399
7214.332837941514 11.182966550974399
7220.323319234151 11.182966550974399
7223.028618034386 11.182966550974399
7226.987099577392 11.182966550974399
7229.466560961038 11.182966550974399
7235.465993916681 11.182966550974399
7236.67822202834 11.182966550974399
7246.199853321275 11.182966550974399
7251.071018631191 11.182966550974399
7254.648636591282 11.182966550974399
7264.355724590787 11.182966550974399
7267.8468177118575 11.182966550974399
7276.886059032393 11.182966550974399
7278.445425393916 11.182966550974399
7287.833287733882 11.182966550974399
7293.336476512894 11.182966550974399
7297.830735861716 11.182966550974399
7301.864346690368 11.182966550974399
7309.620436927863 11.182966550974399
7313.102716882824 11.182966550974399
7320.3217495552735 11.182966550974399
7322.248883757956 11.182966550974399
7329.11737438822 11.182966550974399
7337.5256986298855 11.182966550974399
7345.226900420098 11.182966550974399
7346.446420245418 11.182966550974399
7353.536810185787 11.182966550974399
7355.3366830643 11.182966550974399
7357.691293283515 11.182966550974399
7364.833517963435 11.182966550974399
7370.517027652716 11.182966550974399
7374.202704379023 11.182966550974399
7376.577368506228 11.182966550974399
7385.352017578402 11.182966550974399
7394.813065203751 11.182966550974399
7403.197267281914 11.182966550974399
7405.037417649438 11.182966550974399
7413.447614650623 11.182966550974399
7420.989808352957 11.182966550974399
7426.323978273956 11.182966550974399
7434.340479289915 11.182966550974399
7441.109758832654 11.182966550974399
7449.808193038587 11.182966550974399
7457.687728871555 11.182966550974399
7463.937924750744 11.182966550974399
7467.294409135143 11.182966550974399
7474.6275748241915 11.182966550974399
7482.298997029218 11.182966550974399
7488.148549925219 11.182966550974399
7489.483148123822 11.182966550974399
7493.280415447562 11.182966550974399
7502.563971237268 11.182966550974399
7511.1138352061225 11.182966550974399
7517.04505230545 11.182966550974399
7518.830187580525 11.182966550974399
7521.029251488399 11.182966550974399
7529.250052216333 11.182966550974399
7532.303682560414 11.182966550974399
7539.140157171992 11.182966550974399
7544.375635569684 11.182966550974399
7551.847740675872 11.182966550974399
7561.185393125098 11.182966550974399
7566.870403385408 11.182966550974399
7572.81433794825 11.182966550974399
7576.315386872343 11.182966550974399
7577.667614035467 11.182966550974399
7584.465504365169 11.182966550974399
7593.09520318548 11.182966550974399
7600.365624886083 11.182966550974399
7608.506429589106 11.182966550974399
7615.2528619089335 11.182966550974399
7619.762945994362 11.182966550974399
7628.223075597412 11.182966550974399
7636.843625308813 11.182966550974399
7643.174131143657 11.182966550974399
7647.984911906245 11.182966550974399
7650.692931064639 11.182966550974399
7655.03331910148 11.182966550974399
7658.310317886024 11.182966550974399
7663.993936736732 11.182966550974399
7672.445322738756 11.182966550974399
7676.405560892714 11.182966550974399
7678.865745233537 11.182966550974399
7685.940135126381 11.182966550974399
7688.805893921409 11.182966550974399
7694.741117905243 11.182966550974399
7696.806764544366 11.182966550974399
7702.061461199436 11.182966550974399
7703.482150204427 11.182966550974399
7706.045512046255 11.182966550974399
7709.469080396567 11.182966550974399
7718.687410638835 11.182966550974399
7725.013838635021 11.182966550974399
7732.4202870930385 11.182966550974399
7740.965870420764 11.182966550974399
7746.5609293612515 11.182966550974399
7747.632325112358 11.182966550974399
7751.822469677791 11.182966550974399
7755.4013638868055 11.182966550974399
7759.634253126869 11.182966550974399
7761.628729217908 11.182966550974399
7771.327085431526 11.182966550974399
7773.333742893217 11.182966550974399
7780.987441242134 11.182966550974399
7786.042782621126 11.182966550974399
7787.066205915687 11.182966550974399
7796.8008344922955 11.182966550974399
7804.168167008911 11.182966550974399
7806.672510794697 11.182966550974399
7814.426979676241 11.182966550974399
7818.204326737109 11.182966550974399
7824.075176451279 11.182966550974399
7831.857357483091 11.182966550974399
7839.223704723004 11.182966550974399
7845.542037637306 11.182966550974399
7850.564299689735 11.182966550974399
7858.685078859706 11.182966550974399
7868.140163762121 11.182966550974399
7877.059462240687 11.182966550974399
7886.858890814993 11.182966550974399
7896.259961582483 11.182966550974399
7898.185683662332 11.182966550974399
7900.212600807516 11.182966550974399
7908.6158197990435 11.182966550974399
7912.019065495812 11.182966550974399
7919.869019297494 11.182966550974399
7927.520819129081 11.182966550974399
7935.911179994365 11.182966550974399
7937.124273892508 11.182966550974399
7942.690054130883 11.182966550974399
7948.153041053104 11.182966550974399
7956.076669324513 11.182966550974399
7962.966912760841 11.182966550974399
7965.3144868027 11.182966550974399
7967.122017911904 11.182966550974399
7975.465614740899 11.182966550974399
7980.659062297181 11.182966550974399
7985.787522858212 11.182966550974399
7992.913604411438 11.182966550974399
7995.709692900709 11.182966550974399
8000.301937938907 11.182966550974399
8004.098415659536 11.182966550974399
8009.417951805753 11.182966550974399
8011.992839139295 11.182966550974399
8013.5374062779265 11.182966550974399
8016.5190220025315 11.182966550974399
8018.789597279911 11.182966550974399
8024.68231773309 11.182966550974399
8034.6595440681085 11.182966550974399
8039.4349149866875 11.182966550974399
8047.101533813758 11.182966550974399
8049.1830964053615 11.182966550974399
8053.444767934362 11.182966550974399
8061.307834518194 11.182966550974399
8069.850751213689 11.182966550974399
8074.529477756301 11.182966550974399
8078.364916749427 11.182966550974399
8080.776998076801 11.182966550974399
8082.76886612262 11.182966550974399
8086.299263355047 11.182966550974399
8090.59705928745 11.182966550974399
8093.860990828894 11.182966550974399
8097.373704138908 11.182966550974399
8098.5587345194845 11.182966550974399
8100.031143328104 11.182966550974399
8104.698494166952 11.182966550974399
8110.737387343834 11.182966550974399
8119.085816242597 11.182966550974399
8120.988205583321 11.182966550974399
8127.57902395383 11.182966550974399
8131.44759991548 11.182966550974399
8138.896094549555 11.182966550974399
8141.165861611285 11.182966550974399
8143.675605210148 11.182966550974399
8146.785818581266 11.182966550974399
8149.901013945779 11.182966550974399
8153.1628609437375 11.182966550974399
8157.648124643812 11.182966550974399
8161.007466730634 11.182966550974399
8167.826168064935 11.182966550974399
8172.629113013093 11.182966550974399
8180.923934901316 11.182966550974399
8187.285976194549 11.182966550974399
8191.341473239321 11.182966550974399
8193.683481337122 11.182966550974399
8201.478825400436 11.182966550974399
8205.090637682077 11.182966550974399
8209.933244211756 11.182966550974399
8217.822621215862 11.182966550974399
8224.95999125626 11.182966550974399
8231.592175827253 11.182966550974399
8237.089981942207 11.182966550974399
8240.655637386175 11.182966550974399
8241.693409561678 11.182966550974399
8249.7092052251 11.182966550974399
8255.29679217817 11.182966550974399
8256.757461693742 11.182966550974399
8264.71415636966 11.182966550974399
8272.613796433907 11.182966550974399
8281.365491743565 11.182966550974399
8286.006000350211 11.182966550974399
8288.386871076202 11.182966550974399
8290.869205244635 11.182966550974399
8294.12882250521 11.182966550974399
8296.783932337697 11.182966550974399
8304.49022312248 11.182966550974399
8309.972793608044 11.182966550974399
8315.434129125944 11.182966550974399
8317.002167016502 11.182966550974399
8318.552656844482 11.182966550974399
8319.891177942907 11.182966550974399
8322.163126383313 11.182966550974399
8326.074799757343 11.182966550974399
8334.451757854104 11.182966550974399
8344.225070554789 11.182966550974399
8353.58005986336 11.182966550974399
8360.482445791591 11.182966550974399
8370.159330638555 11.182966550974399
8376.900548667772 11.182966550974399
8384.52933610875 11.182966550974399
8389.62678792222 11.182966550974399
8395.252119732088 11.182966550974399
8404.667013373133 11.182966550974399
8409.561508863604 11.182966550974399
8415.086305889305 11.182966550974399
8422.57259224216 11.182966550974399
8429.633045926696 11.182966550974399
8436.349209829541 11.182966550974399
8441.9351297842 11.182966550974399
8444.925130941927 11.182966550974399
8446.264060725072 11.182966550974399
8451.475585123437 11.182966550974399
8457.735351746453 11.182966550974399
8459.568800244706 11.182966550974399
8461.19905526088 11.182966550974399
8470.16322914651 11.182966550974399
8478.175819021071 11.182966550974399
8486.432552185866 11.182966550974399
8491.529466130602 11.182966550974399
8498.058733366295 11.182966550974399
8502.501867085886 11.182966550974399
8505.98895476865 11.182966550974399
8507.936973311058 11.182966550974399
8515.229900231192 11.182966550974399
8523.673973408715 11.182966550974399
8532.751831537378 11.182966550974399
8534.57829961275 11.182966550974399
8541.342789423239 11.182966550974399
8544.961704272137 11.182966550974399
8547.835064781051 11.182966550974399
8550.561184148984 11.182966550974399
8559.537139509179 11.182966550974399
8565.721922830679 11.182966550974399
8573.57289573178 11.182966550974399
8577.516392403772 11.182966550974399
8587.19251715511 11.182966550974399
8589.316026805951 11.182966550974399
8596.437791902803 11.182966550974399
8601.397978353507 11.182966550974399
8605.811232328671 11.182966550974399
8607.842119843173 11.182966550974399
8612.74797374406 11.182966550974399
8617.17723070411 11.182966550974399
8619.5425148502 11.182966550974399
8629.510821196294 11.182966550974399
8634.298219283402 11.182966550974399
8643.463728351056 11.182966550974399
8649.844958008127 11.182966550974399
8656.03509006672 11.182966550974399
8662.85693103295 11.182966550974399
8667.67467176958 11.182966550974399
8672.280698674895 11.182966550974399
8681.43524989574 11.182966550974399
8684.430958132352 11.182966550974399
8687.746034238415 11.182966550974399
8694.920971022484 11.182966550974399
8699.512355273315 11.182966550974399
8703.212043207814 11.182966550974399
8711.515720590753 11.182966550974399
8716.014908414894 11.182966550974399
8717.373966739484 11.182966550974399
8720.479099930844 11.182966550974399
8729.814273655205 11.182966550974399
8736.858172979302 11.182966550974399
8746.842545721369 11.182966550974399
8749.818704495594 11.182966550974399
8753.092712491913 11.182966550974399
8756.901041364992 11.182966550974399
8762.450498474107 11.182966550974399
8766.159640377762 11.182966550974399
8769.788543498302 11.182966550974399
8776.066816076449 11.182966550974399
8785.830960648536 11.182966550974399
8787.395529040616 11.182966550974399
8794.237481445482 11.182966550974399
8803.199405885809 11.182966550974399
8809.715300718763 11.182966550974399
8818.704015391118 11.182966550974399
8827.801406910032 11.182966550974399
8832.073401274143 11.182966550974399
8838.124547092613 11.182966550974399
8843.169683580636 11.182966550974399
8851.888659501095 11.182966550974399
8854.73156576976 11.182966550974399
8864.18880765942 11.182966550974399
8870.782268189536 11.182966550974399
8876.114564244352 11.182966550974399
8882.027037330803 11.182966550974399
8883.249430573464 11.182966550974399
8884.27986228662 11.182966550974399
8886.327974320475 11.182966550974399
8894.71641995785 11.182966550974399
8897.516025597453 11.182966550974399
8907.177339549964 11.182966550974399
8910.832421221337 11.182966550974399
8914.847496627917 11.182966550974399
8921.58784504184 11.182966550974399
8931.167974708826 11.182966550974399
8937.129087059011 11.182966550974399
8938.643645638886 11.182966550974399
8948.169822785989 11.182966550974399
8951.076101668392 11.182966550974399
8959.041555792892 11.182966550974399
8964.61231662172 11.182966550974399
8971.49545547067 11.182966550974399
8977.41481105104 11.182966550974399
8980.112724499144 11.182966550974399
8989.546146883004 11.182966550974399
8992.152527834907 11.182966550974399
8994.041610453354 11.182966550974399
9002.374291940021 11.182966550974399
9007.14044619254 11.182966550974399
9017.04707936316 11.182966550974399
9026.143483238657 11.182966550974399
9034.747902867794 11.182966550974399
9038.458246430346 11.182966550974399
9045.907378138609 11.182966550974399
9053.157960754941 11.182966550974399
9060.301321808862 11.182966550974399
9061.880595429287 11.182966550974399
9067.655270660642 11.182966550974399
9077.444905288101 11.182966550974399
9085.142685066146 11.182966550974399
9091.79503432552 11.182966550974399
9100.97302707639 11.182966550974399
9107.426114829963 11.182966550974399
9109.317336279348 11.182966550974399
9119.059769186293 11.182966550974399
9127.694448360273 11.182966550974399
9134.828739633533 11.182966550974399
9142.780017337971 11.182966550974399
9148.651089197387 11.182966550974399
9151.78017510001 11.182966550974399
9158.813001905706 11.182966550974399
9168.066519992091 11.182966550974399
9177.634592389637 11.182966550974399
9184.96180822046 11.182966550974399
9193.23039876579 11.182966550974399
9202.41780083464 11.182966550974399
9205.276129129525 11.182966550974399
9207.380390675433 11.182966550974399
9215.119287983725 11.182966550974399
9221.706270222101 11.182966550974399
9226.320446186426 11.182966550974399
9229.753446904926 11.182966550974399
9233.247682768753 11.182966550974399
9240.065732897947 11.182966550974399
9248.792415746571 11.182966550974399
9258.503001430889 11.182966550974399
9263.11516986509 11.182966550974399
9272.213161419742 11.182966550974399
9280.990617762911 11.182966550974399
9287.334026801975 11.182966550974399
9296.116724187303 11.182966550974399
9304.964301965967 11.182966550974399
9312.976035182453 11.182966550974399
9320.526583389646 11.182966550974399
9326.120656031337 11.182966550974399
9330.844723321876 11.182966550974399
9338.822735145708 11.182966550974399
9341.638795746863 11.182966550974399
9347.2397022418 11.182966550974399
9353.081454547813 11.182966550974399
9362.711343758165 11.182966550974399
9367.395659768039 11.182966550974399
9372.936431474047 11.182966550974399
9375.721604171153 11.182966550974399
9381.491579553245 11.182966550974399
9391.27009889018 11.182966550974399
9396.541541809507 11.182966550974399
9403.280331784405 11.182966550974399
9409.218508125707 11.182966550974399
9418.795423900443 11.182966550974399
9426.934119974 11.182966550974399
9434.461268994506 11.182966550974399
9440.727720552344 11.182966550974399
9449.268154226136 11.182966550974399
9457.671817140434 11.182966550974399
9462.737547599629 11.182966550974399
9464.690817977318 11.182966550974399
9467.401045665618 11.182966550974399
9474.412367738609 11.182966550974399
9477.590020217769 11.182966550974399
9486.640243582584 11.182966550974399
9494.742369609785 11.182966550974399
9499.056897051954 11.182966550974399
9505.401118421198 11.182966550974399
9513.13990420712 11.182966550974399
9518.39930451212 11.182966550974399
9524.997048414874 11.182966550974399
9532.417151474741 11.182966550974399
9533.707247055301 11.182966550974399
9541.897811738218 11.182966550974399
9546.536095446896 11.182966550974399
9555.757938391105 11.182966550974399
9559.053082242384 11.182966550974399
9567.482523887595 11.182966550974399
9569.685907479288 11.182966550974399
9574.75064761041 11.182966550974399
9580.643457875589 11.182966550974399
9587.604508743916 11.182966550974399
9595.002651193648 11.182966550974399
9598.761376238255 11.182966550974399
9601.893023293416 11.182966550974399
9606.212636117934 11.182966550974399
9614.396541435357 11.182966550974399
9623.213503057876 11.182966550974399
9625.207386246037 11.182966550974399
9630.33659406522 11.182966550974399
9635.361292164087 11.182966550974399
9639.299300526773 11.182966550974399
9640.600048611519 11.182966550974399
9644.206808495324 11.182966550974399
9647.077501530228 11.182966550974399
9655.41599996726 11.182966550974399
9661.255955818517 11.182966550974399
9669.47648591007 11.182966550974399
9678.364865391342 11.182966550974399
9681.023838557872 11.182966550974399
9688.270612614253 11.182966550974399
9693.662368059891 11.182966550974399
9695.25358382485 11.182966550974399
9700.854886953004 11.182966550974399
9706.60623562656 11.182966550974399
9716.124274729946 11.182966550974399
9717.224682864324 11.182966550974399
9720.424063419541 11.182966550974399
9728.370923797786 11.182966550974399
9733.567025343084 11.182966550974399
9737.079107712643 11.182966550974399
9740.754469649119 11.182966550974399
9747.35269553351 11.182966550974399
9749.855533980919 11.182966550974399
9752.513112850762 11.182966550974399
9761.180871326122 11.182966550974399
9762.37892834639 11.182966550974399
9763.679587418474 11.182966550974399
9766.90781649104 11.182966550974399
9769.677722098239 11.182966550974399
9772.70491601355 11.182966550974399
9777.026544248632 11.182966550974399
9779.377088910696 11.182966550974399
9784.642480308234 11.182966550974399
9789.199373188017 11.182966550974399
9792.761321759253 11.182966550974399
9799.425355811754 11.182966550974399
9801.60810549646 11.182966550974399
9804.841062901802 11.182966550974399
9809.967236562148 11.182966550974399
9816.169814331019 11.182966550974399
9818.735229170607 11.182966550974399
9827.300396583007 11.182966550974399
9832.024996549666 11.182966550974399
9841.540764293773 11.182966550974399
9851.296598206716 11.182966550974399
9855.516740666775 11.182966550974399
9857.453221605014 11.182966550974399
9864.969904569536 11.182966550974399
9874.118349905077 11.182966550974399
9881.233828070315 11.182966550974399
9883.189101052238 11.182966550974399
9891.58082047153 11.182966550974399
9899.602555450107 11.182966550974399
9905.738118339706 11.182966550974399
9910.22906116348 11.182966550974399
9915.534513198025 11.182966550974399
9925.363012266527 11.182966550974399
9934.172243012476 11.182966550974399
9937.057239109392 11.182966550974399
9940.094297849613 11.182966550974399
9948.507620410619 11.182966550974399
9951.231011043536 11.182966550974399
9953.286001156503 11.182966550974399
9954.320068519666 11.182966550974399
9956.925760340313 11.182966550974399
9965.325335485195 11.182966550974399
9974.59610485363 11.182966550974399
9977.055535037598 11.182966550974399
9983.125072849927 11.182966550974399
9992.633821624435 11.182966550974399
10000.125608994824 11.182966550974399
10010.076755368478 11.182966550974399
10019.260368149897 11.182966550974399
10022.84264713258 11.182966550974399
10025.976996653346 11.182966550974399
10031.693987705208 11.182966550974399
10033.71927012532 11.182966550974399
10043.157801287192 11.182966550974399
10047.656519342072 11.182966550974399
10055.350129361655 11.182966550974399
10059.883618355505 11.182966550974399
10069.76574318764 11.182966550974399
10071.872151229734 11.182966550974399
10079.193951190204 11.182966550974399
10084.944954011255 11.182966550974399
10091.028476606232 11.182966550974399
10096.419003241836 11.182966550974399
10102.774530447503 11.182966550974399
10109.654943071138 11.182966550974399
10119.37610019788 11.182966550974399
10128.699573730335 11.182966550974399
10133.917467865838 11.182966550974399
10143.117558042504 11.182966550974399
10148.562943708372 11.182966550974399
10157.978076664407 11.182966550974399
10164.6544038768 11.182966550974399
10173.442014884611 11.182966550974399
10180.768603995482 11.182966550974399
10190.485011197403 11.182966550974399
10193.164017590903 11.182966550974399
10200.787870378637 11.182966550974399
10210.337337192359 11.182966550974399
10216.47938692007 11.182966550974399
10217.614013799115 11.182966550974399
10220.366068067964 11.182966550974399
10224.590298728996 11.182966550974399
10231.020676540049 11.182966550974399
10238.206887773726 11.182966550974399
10245.825078579534 11.182966550974399
10254.025452038322 11.182966550974399
10256.331753890187 11.182966550974399
10262.206104663059 11.182966550974399
10265.787476639704 11.182966550974399
10270.115731599171 11.182966550974399
10272.691839220804 11.182966550974399
10280.154679336147 11.182966550974399
10282.964271491566 11.182966550974399
10290.660914747337 11.182966550974399
10294.466470892858 11.182966550974399
10297.099133371514 11.182966550974399
10305.048946786455 11.182966550974399
10312.335003700187 11.182966550974399
10318.549304102726 11.182966550974399
10319.937520852478 11.182966550974399
10322.8630768233 11.182966550974399
10332.17584040672 11.182966550974399
10335.210736726927 11.182966550974399
10341.362231129058 11.182966550974399
10344.655970071663 11.182966550974399
10345.839126413615 11.182966550974399
10351.854381020277 11.182966550974399
10357.783993916786 11.182966550974399
10366.342169928643 11.182966550974399
10371.97674684668 11.182966550974399
10376.127929497841 11.182966550974399
10385.005587411504 11.182966550974399
10388.423375185534 11.182966550974399
10392.361981217418 11.182966550974399
10399.301686087592 11.182966550974399
10404.535603818007 11.182966550974399
10411.943417744968 11.182966550974399
10420.480506516413 11.182966550974399
10424.382583437422 11.182966550974399
10427.392905190129 11.182966550974399
10436.662204357148 11.182966550974399
10444.588040536784 11.182966550974399
10450.807696220934 11.182966550974399
10454.921311313958 11.182966550974399
10459.615220143927 11.182966550974399
10464.661792355177 11.182966550974399
10468.564862178351 11.182966550974399
10472.767615421748 11.182966550974399
10481.333203813707 11.182966550974399
10483.662403800907 11.182966550974399
10488.052892990274 11.182966550974399
10494.760884985439 11.182966550974399
10497.202860893858 11.182966550974399
10502.38352081884 11.182966550974399
10510.881578892728 11.182966550974399
10519.883543516069 11.182966550974399
10524.220045260168 11.182966550974399
10529.546046785345 11.182966550974399
10534.206125944878 11.182966550974399
10542.681571220568 11.182966550974399
10544.194532315296 11.182966550974399
10548.511136278019 11.182966550974399
10551.745069910394 11.182966550974399
10556.466354170685 11.182966550974399
10557.958795052433 11.182966550974399
10560.222439311296 11.182966550974399
10563.512404381741 11.182966550974399
10570.037063678972 11.182966550974399
10579.633802179162 11.182966550974399
10586.986384680502 11.182966550974399
10594.325395661448 11.182966550974399
10603.316516197357 11.182966550974399
10610.02911680843 11.182966550974399
10619.947992255169 11.182966550974399
10626.575967762803 11.182966550974399
10635.05009542068 11.182966550974399
10636.599884550042 11.182966550974399
10639.466173577854 11.182966550974399
10642.002381675467 11.182966550974399
10650.820659163077 11.182966550974399
10655.202284543622 11.182966550974399
10658.014733659531 11.182966550974399
10659.229844901703 11.182966550974399
10661.091219406298 11.182966550974399
10665.072099092076 11.182966550974399
10667.37202656101 11.182966550974399
10675.98569326905 11.182966550974399
10685.84370430609 11.182966550974399
10691.843699603698 11.182966550974399
10694.101509068798 11.182966550974399
10703.037997424519 11.182966550974399
10705.568606019719 11.182966550974399
10712.68894423386 11.182966550974399
10715.299492031487 11.182966550974399
10722.314629349226 11.182966550974399
10729.950208416874 11.182966550974399
10739.508148559862 11.182966550974399
10744.494985701844 11.182966550974399
10746.139746673609 11.182966550974399
10754.192271511376 11.182966550974399
10759.61533576269 11.182966550974399
10765.69109793821 11.182966550974399
10773.322173792609 11.182966550974399
10774.47743153681 11.182966550974399
10782.787372492208 11.182966550974399
10784.243643005664 11.182966550974399
10786.59553026841 11.182966550974399
10790.165511662137 11.182966550974399
10797.3852957934 11.182966550974399
10799.253457568528 11.182966550974399
10803.184237284113 11.182966550974399
10806.981706427407 11.182966550974399
10810.39376701521 11.182966550974399
10816.03634846219 11.182966550974399
10823.646247108549 11.182966550974399
10831.362663827902 11.182966550974399
10840.559990329362 11.182966550974399
10850.024329273012 11.182966550974399
10853.085634256544 11.182966550974399
10855.199766178843 11.182966550974399
10862.669923259053 11.182966550974399
10871.17202451987 11.182966550974399
10878.329729886409 11.182966550974399
