-720.9547929568525 -3316.8726533434565
-2366.0116885758875 1373.7200837251394
-2685.1883664225484 3356.312726146014
-2551.8940161883884 -2819.152160258702
2490.9521478413244 -2995.433299686987
-4376.269984301691 -4517.281065363217
2053.6174449905275 -4097.690978933465
-2206.316142893846 4198.278066807126
179.80578984549084 4854.729487491035
-3754.6266761440716 -3881.489730639338
1079.0626754353252 -4050.9933509901784
-2068.0039814362226 -0.8709114071161821
3986.7928694783477 1291.100723876004
2920.946632339018 -3418.99344770197
-3529.5515441491953 -3413.2453982663046
4331.718856350502 -3396.5922267045557
2532.320681579062 -2662.4936711723144
1917.0567459680387 3814.7573843617647
1172.2715923141004 -2703.044532683325
-3071.8428296233024 929.6828234682862
1053.8013875350325 -1708.4804641398346
-3698.242048897844 -4734.789092516118
-1889.7795812661243 -4839.707185187736
2811.6644109096796 -2861.7875483825837
3028.4185616726254 721.1878391201644
-1626.838173860473 455.98405073392405
3086.7803117917083 -3087.6300625066933
2552.9405667027495 -4769.083367578927
4553.45255148867 -23.229382757195708
-1122.6428267812385 2468.583789982994
2880.358950303026 4227.3500926451925
4921.468290306982 57.12238623924259
551.7593969654081 2253.147181018763
-246.86008764550843 3528.3444237453514
4950.3389300137005 -1427.7837058620935
4731.6107896454905 -4113.140022419374
2337.6170335087054 -2309.828319253797
2218.978274946322 -2718.9830457661114
170.63030607999644 -4257.06070033502
3910.679071313265 -1387.3797019319236
2810.1135365341424 -537.7329844906662
3191.5933565859823 -1576.9261822550407
976.9146669765705 1452.088343105438
-577.1770825449566 3519.461418037037
4634.250689391676 4458.070264271724
3580.3461342047285 -3135.6619234303384
4838.080842017007 -2438.4020580682177
-1872.914176131454 1496.8723241220168
4302.389369507835 4957.013973075593
-1126.8816629715384 -4047.3380738503383
2399.8347542879847 2523.774337206547
1719.8835951316169 4596.077132789509
3180.2398576895876 976.2107566506147
1920.5682558508015 3487.7682603240446
-3756.6681631899255 -1550.3241371779654
4270.885129709355 -419.9155895380236
228.72181811288738 -4832.509752469091
-4990.383803126658 -3092.1155090464536
3781.449712955977 4371.780059517729
-629.4168278025882 644.051604925814
-1502.167681148363 -1617.8231886183657
-2448.707809437403 -1035.4530505002326
-3271.8251193874394 -279.86974259755607
1945.710931804948 4598.80599307907
-4842.145108726272 -1853.0936817155375
-3514.717834464216 4361.244852206146
1966.6554567534286 1876.8389937471711
603.4239997038503 -4296.697224814924
2010.6558024939359 -1428.2063909522235
-3790.1918602227224 3705.4751144269176
-3920.4736462356313 4311.589742161999
419.77066933106835 3676.8883584260766
444.0060287524184 -4805.650349586887
-3625.8817887294827 2823.912626589765
1338.0178542864605 -4373.673516558048
1068.3141356620954 -4476.695612861808
400.42444975187937 2572.473654551807
-2686.5747638683124 3398.151623202839
1849.977227426928 840.4273395842883
-4512.351929849002 -4321.341431433287
-4324.236171367645 2132.924032295882
3066.1875403691693 1527.8406283665954
-1490.3918102748935 4588.108126972349
2354.5406257982386 -2190.223480053668
599.7469429543053 1614.810645175332
-4778.220458297661 3125.8957635203615
-2663.603362788154 -3330.1661032938437
-3008.311388446552 -2744.8677942373447
1763.8579575989525 3893.395533708077
-1584.0760920681619 -378.2722123327321
4777.349208308438 4008.639562704202
243.9279009460115 3489.4334524100323
-4879.995248494383 1100.4786683625643
4535.893077482324 355.8210045760661
4362.06475638068 -3604.8615701893914
3971.865748236756 -58.92706019840898
-3172.563383372907 -3947.8984495737823
-4568.7901360430205 3159.336033976917
4676.223268789077 -2902.6391043844137
3561.6579397416936 4088.0068157263304
4794.083486527072 308.3893290513106
1282.9766478182237 2817.8716859892875
3670.754347915261 2143.0856513307335
970.113792997693 1743.0119602830064
-1145.4655073999652 1375.3384688074857
-3438.8687761368865 2399.4697749539737
3507.284377587972 -2500.6047625727556
1928.31420401358 2492.131143122617
1875.9491636673056 3894.1724501597237
4281.378321955952 -1465.5285946728523
-1748.89267269426 -596.0706011208686
3476.8278935207854 4161.148712182066
2998.531579612235 882.3577587611571
4330.325825810265 -3100.807982611251
3017.0693468484815 -1234.3846643677316
-4389.436711542918 4318.240784941045
-3125.9122419465293 2643.9850282210946
1710.7095137073566 4422.533001168678
1070.737990043599 4704.2018670754205
833.9679974259798 -4386.403501087152
-4680.0505653783985 -1016.6586420509084
-4654.050763008483 2274.9969797750846
-2001.4645025077584 -3432.648089267116
3122.958473419837 1362.1696393654656
-2292.2406666244833 -3662.385726464673
3277.871856885524 54.9064931812718
2349.2024024817174 -338.2699697921107
961.5340139166119 -1712.6983254630468
1220.2569074383637 -1493.5777516213911
-3128.983250312536 1232.1896538284727
54.46498514653649 4948.605348423052
-3688.8783662596848 2572.821512161061
752.6054474384746 -642.4282951006262
-3371.185324160266 1608.5686668183089
1285.230069614283 1499.043231517354
3908.452937216225 332.07437331815345
2123.542918868292 160.10635190998073
596.4305446968028 4722.496085365206
-2896.2564445885673 -1170.489599426895
-3880.567723646748 2895.1761940187644
-3005.59828938645 3505.006406683424
4014.205850788092 2384.19326722422
2913.9206503972346 -1906.7688429373288
-2560.125720083313 -157.03848756347634
4966.228519832886 718.4793989261698
-1174.5151124101903 -3180.1819624808777
406.84651741624566 2914.49779933182
-3709.3200435025556 538.5088854818632
4417.2960671712135 2694.807391371257
-1452.9224938996822 -744.7626572741074
-3620.3325230808778 -4030.327527558556
4443.13146484963 3870.1895737637788
-4363.6929307833825 -2916.8995396605533
2343.25412467812 -2331.93319866688
4621.413367518988 -926.6988478011094
3192.6764549342006 425.5558840959475
-2597.971649979405 -2692.760543317082
-4996.252984483585 201.33608488724985
-2112.517654267487 4696.923112560426
-4126.358204696567 -965.264669365843
-3046.941284935242 1536.5912510889975
-3648.7515963148844 -132.6488593533386
4319.635253858323 2231.333967356194
1771.1743988142189 3500.8492893451676
2907.8358572427596 -671.3063015670232
483.03123558465177 3539.089550737808
576.076378024668 -2753.2194750228323
-4759.402847249523 533.165752042466
3984.787419535369 562.7912466239404
-196.53446250779507 108.19640204727148
882.1951079712208 -3234.7414110233376
-1781.4953444419025 -4316.245542160916
1092.7482250970534 2154.3882996759003
-438.49279817176375 -3750.2050998318414
173.3112152663698 2545.8040398018165
2517.59170559191 4015.0619443285523
4203.907188502821 -4661.32809477939
3581.9559934684567 233.87297226868577
-3722.7168985984736 -2627.7088783059353
2853.5166206933045 4866.52200536147
-2693.4862291774307 -120.29130673786676
-672.2204451748512 800.1404445331764
-4816.001066735171 1588.2914594254198
4162.130869389954 -3461.302483393335
885.6150597804199 1806.9852575661225
-4116.995277443893 -4808.433424839755
3330.098781568633 1419.2324629179357
-4217.5264226361205 2061.178483274746
453.9011687685388 1838.8467278611606
-2812.2521320700257 4844.89969990188
-2741.3814602649 4286.656765699638
2624.834613850927 14.446915957460988
1813.949434786433 2955.239128305351
-2999.304132929874 -1678.9569901748737
2134.6938333302487 -3266.6968905946105
4089.4206676226095 -2525.103281763246
1584.385225129874 1924.5684037254186
-3177.09081109412 1395.0264552617773
-4422.106923235576 -4249.325798462764
-4180.483797521598 2494.90144032843
3808.2355729979517 535.872115811555
2644.8921285997903 4801.651249122277
-1596.3780547594088 -1575.895809855721
3028.0198676069776 -4229.940318896609
-3035.5235074625207 439.47879374093736
-1018.2321905923554 2165.809449036763
-4470.455719810099 935.0394262257387
-2806.7553476697626 -2182.8310316595125
-3778.7676406956025 3073.697078807858
607.5765431140826 -4636.3062515528345
4681.697274347975 4760.104772094182
-1837.833020878733 -3842.9598670702335
243.52979159238203 576.9136599499261
1170.2865868834333 -803.9085991822085
1989.1796286933668 2499.8565816362525
2642.982942994583 -2622.3401132596637
-535.1370743634134 2707.148938140418
-4550.883651914204 -4013.8475551315314
-1418.7051957246545 286.38649184951373
-529.8284753715907 -2659.2727088922684
-4037.6886834359384 -1193.568038406785
-1617.3371437777782 3112.7371913701427
3656.9037016529473 -3487.507533495973
2310.4610963390196 -4262.770391723642
1515.8519500160728 4505.46444006614
-2742.3813595313263 3185.9221184395874
509.5063232406337 2386.6497185044755
656.9689731742437 -3535.0223495596133
-1606.5489293630885 2499.348337874402
3996.4564151876766 -3634.355471670768
3710.3476708850085 3616.379139663255
2253.037029995614 -365.4317879950786
-2489.753746082556 -1818.9464388164001
-3211.671898708268 -4197.991394448547
-4568.350398608649 -1064.6324760228922
-4408.192197882903 -3361.0802976491295
795.4397540294503 3678.797899899193
-557.4673912653961 -2636.805236666394
-2882.803702914113 -852.4707991992564
-1363.6475095570422 -1521.6342370749358
-1734.7333502873462 -43.6493625134226
664.0434087633039 -4205.671830571533
-2820.6706172058202 3038.878373601894
-2877.1853283834457 -454.3098096897711
4214.233272488502 523.0426489812453
2812.580654443599 -3847.131999325064
-4682.878790773405 -4814.564075540324
-4452.473093583176 2710.208674001261
556.8346557162276 1997.7792799475328
232.3593935982035 1500.9536441513728
3863.9166509870884 328.8118003631016
-2100.078854464169 1260.2711131689603
-3571.7763118559697 -2811.969169701288
3086.5983442828874 4271.546022715447
4683.536593741141 2781.6253295971783
4810.961090095807 -2180.2968419136528
-4177.2754722319305 3963.7054387740372
1597.2022099268315 1041.9891711648897
1474.278993495379 4163.290490693302
4121.480941784121 927.3401157550934
3734.5561703310286 3991.3470123260777
-2098.33507347986 -216.34238491776523
1742.7456431916353 202.60927702691697
3254.2468650846677 3487.1207432028605
2895.835760082793 2470.571682024465
3844.152891994694 12.020936132066709
1086.2215526606087 -4588.9082011316395
-287.63207053209044 -1766.3234544793304
3051.096089380021 -2304.52429199809
-1060.4967556958554 -2375.3314181220853
-1800.1696002288713 -1301.0225305188383
1368.0351937809146 4873.937270710936
-3700.9542374348594 -1079.8010046614836
-1370.9933023666144 1772.655081789252
-690.4987074531537 1833.051277671345
1055.105186376236 -1363.2213983360052
-3438.3673611837285 3395.659339946438
3136.714309873828 -1665.1654393173276
2688.5158710769156 2491.562944064709
2841.5328755107457 -1486.3388553936284
4336.425853397879 426.7829780728971
-1182.5858588625647 2511.629792882527
-4156.448346447081 -672.347079328224
3424.2554661457652 -3164.652398150912
376.0767481739849 -2315.343103331974
1997.388438109011 3160.5881595520987
2594.685977181851 -2081.358014328375
1851.7236139288898 -4218.756756489096
-4126.368859070268 114.1266025953937
4551.886555349665 3640.200719752769
2379.762048319837 -74.22437593841823
-3411.8369180234777 4300.255315152981
-2469.1129789259335 895.0442876643983
-3180.049013844383 -2485.0492981787643
-3608.6982917831633 -3469.434289362131
-597.1064453210129 -765.6191298377353
-3712.046484160034 186.1363965006367
4120.127154747086 -2400.136149865302
3156.1570401925055 1386.39791520782
3779.829464003258 2122.437066477567
-43.48804921148985 1328.9455251934123
-790.3773155425124 -2034.9707292873995
-1334.1575511515748 -379.505074283019
2826.1026385608757 2236.2084956258013
4590.277837929161 -4789.750278001255
-809.9413844649071 -2139.2649079706425
1772.1196185445779 2306.7286474193616
3020.049218911323 -1237.132785364844
-1137.0885937866237 -554.8450665950058
-2026.168714973232 -2951.355231715368
-3330.4403565612492 -144.80377930477334
286.10731332373507 2775.262715983239
-4099.847064458994 3082.838533949105
-3043.389662851516 -1194.6306175452983
2484.212038927235 1859.7633470286955
3429.1640381378766 -3392.905968140344
-3198.0613356530475 -3004.4292623049096
-2365.7195681738185 4273.550724506207
-3910.9707876956145 -2062.071410916455
941.0714237908724 -2069.5250628566596
1782.4373074145396 2025.9024232893307
1557.7953142961078 3570.094180087779
891.2075629501505 -1075.5934452651204
-2589.796010887394 -3084.8842672713326
3260.731980484674 -4685.263032287004
-646.9926310503379 1950.5421953773393
2347.3566855304907 -2379.1295138902815
-2774.042847441387 984.7842977061209
-658.0365856875669 -3556.922348527123
4708.445503733592 -330.5301585318184
-2403.426379847029 -3973.343802335524
1195.6103371610016 2517.7639395152883
-2719.4371081335335 2680.5954841372895
-188.46067716067864 -3496.19889568768
-3589.963944382193 3161.8930376705102
4226.502981271267 1185.1486687566048
1311.1015568079456 -2355.27753110614
-371.92198956667744 3857.4425105326955
393.74109347625654 -573.2859091371911
4837.920474481141 2425.609972131235
2708.512731308517 -3529.0896814234566
-4443.295580924445 1337.287869245587
1288.9725983122435 411.7106990474358
-3904.8843696395297 -4625.874202874214
-3554.6903620253834 -2740.153283414217
207.28291642135991 -1759.3764390282363
-2907.8441374391596 -4343.4242549354285
4789.76901102951 3059.817350673022
-4312.736044859677 -1422.6195785927675
-4726.7582487477675 1665.2232539363367
-4111.662412360607 4279.815865406197
-3298.138790689619 -4985.801009266935
-2041.3421321397527 -403.99326021282286
-4293.084564851623 -2792.8527757924526
-2544.0734913551355 -879.1091459603203
2171.606077921666 -4061.968686769626
4363.216723211453 -1007.6028373816957
2914.935121891319 3776.5239284166546
1293.5456369401436 3481.5926811585505
-2361.8976633062625 2882.449094588652
-4345.506323307234 4172.561774961747
-1175.6581054018588 -3547.650025239049
-3359.9487284108745 264.2220448891685
323.2589935119604 4400.685451456076
2630.1621325450296 -2266.524269954655
-3715.1403381800164 2170.9268645363463
3081.803761753933 -1455.566311968546
-3526.6936639660144 413.6616903293543
1837.8853742840365 -745.5474846826246
1315.4433801763716 -1611.4281491373008
3239.618312923416 -427.61567752611336
2084.87541630591 -681.5909283577539
-2440.5294638744735 4666.382890498586
4556.416519170878 -3250.3014939215354
3391.888363173546 3320.5991228524654
-1676.006390841711 -2332.0748011792057
1535.4478290115194 -820.1964278642263
500.80386064051527 4536.900892010872
4689.472096251653 -370.73478319184505
-1791.8505099761928 4853.055223815409
-4608.195280512626 -1528.313038476138
-1184.6731594915714 1624.1599960919675
-4826.302379636187 4697.991948353396
-4131.472106286364 -3370.616742035981
1726.1626744407877 -2689.337623452053
-4002.2484783298573 1608.5347163628176
-1183.6971492392213 3972.9651422975603
-1730.4599877539172 157.16697530379224
-4007.7858111670994 4556.233801051416
4381.578381731675 1998.6179318229679
870.7025279752197 -2710.146954043955
1918.5951043911118 1318.2095852640732
1669.1036675922342 -344.9117811194401
-4422.940804976501 -4918.262961244666
4901.021393296718 -4770.255431336816
79.19176893485837 -2089.34820528342
3229.6348116082645 3252.7805126186577
1125.9270575297287 -3395.4405139964183
-646.7533821650986 2843.6264119941525
3416.5007881324746 68.16152818043338
-4737.371795649621 314.8309800869265
1450.2671775601984 3733.1265060547794
1425.4690050056843 -2081.2382631081227
-269.03527287227735 2536.7867529707146
-4992.7125400905625 -1418.2428460854658
3002.13915220345 -915.5374048659846
4865.390008371502 -43.14681758668121
4436.5677017579055 1830.9352307941635
2697.4180211772245 -582.3293056395041
71.58114154124723 3681.306605618194
-3018.0782093153357 -4716.458918878989
-2253.342353780037 -1798.3402377721204
887.1289069071554 -2107.756571155672
-3536.0730859641376 -4155.565732580282
3437.2481892611613 1671.4824646867828
-3175.149061721404 -3711.63742707446
227.51694036239132 3727.2619739779366
-2093.461168127786 536.6253523730238
3473.2123533900594 -1766.5638258092054
110.99234583226462 2529.1489984234177
3863.183112779565 3880.5001455687852
-4534.776467886704 4396.799593903939
3555.958859090959 -3536.890691171793
-502.6222841526187 -3723.6169876931426
3358.0842805505763 4324.004332852293
-2360.360905266533 2191.0847050991515
-4946.246147893349 3275.2056724419162
4602.71998089903 4407.055900878246
-2293.9107297827186 508.62379273750685
-4655.508191725852 -2165.8400281475256
1863.3397217426555 -3443.562808480065
-1448.0078922743555 -1665.5511334129224
1027.366963150329 -374.2808716860927
2159.9616322889096 -3152.3395834024836
-438.044322752241 -422.8761871404349
-832.2771763409855 -872.0631674512524
-2598.3508901025466 -904.5846127565906
-805.801926473614 -3573.254630172716
-4678.231185868609 -4554.949701837465
-4192.878339870759 2928.7946145840315
3885.030297489049 4681.029872431514
-3903.1099047613593 3894.950348147464
-3404.6109986779493 -4711.451594097766
1524.1936537892707 4727.496665223085
947.0153061090496 4412.421915161161
2449.396573785608 15.785761812298915
-2008.1043257407428 3293.0879117219647
1893.373403551338 4621.280013178513
-3948.3687314216695 -3332.0446053915075
-1050.8337797648637 -300.01583661039876
-522.4026754603892 3236.769557538082
-2996.3036510808324 -343.94395419450666
3472.303802221879 2471.547799839974
2970.073506829879 163.9072391910986
743.2577257930025 3781.567602341842
3179.7730236149846 3728.911786531353
1454.7030052027776 69.22007124774154
1749.7464402777405 3264.3691983850167
-928.3839094377886 1191.653701249772
3924.7778271811567 -2496.5773166583117
-3214.484458098349 -1809.3689798994792
1212.1299328886535 -1958.3512898533795
4138.4453470294175 69.63907693485726
4809.1233528244775 1061.387576127101
106.0112631341317 -3492.6299350785816
3992.6874680913807 1128.9278794912916
3841.0483769193543 -1020.8671075107477
-2442.8217461267177 1783.9013783426708
3206.062226730617 2732.267705862121
-1826.8209128700464 -2619.2161042162866
-4808.4062603788925 3537.7154043981427
-3939.8740111674856 -641.0665310898021
-1379.2630722077006 -3260.5879783368828
-3690.07119149136 -450.1269234984484
-4612.216522573547 3903.992493459513
2501.332329913629 981.4352261105196
1105.4114843254602 -4707.169456813648
1033.0438556340414 362.9858543113605
-2923.2929378523763 -2613.737639439425
-343.1674234598195 -3838.9709339198307
4725.377834573703 -2516.804387046089
1804.5025492499735 -4224.462089576891
-2539.090984866772 904.5873386647654
-183.85758854157393 -3375.9198800350987
931.1351488679629 2957.371375642887
2198.3254938230493 4389.673450498762
81.4214158466757 -2885.626780880083
4396.24211927786 2473.28575195516
4870.965575333959 4821.740224972418
2652.6298484004155 85.83210986344693
3877.90422610329 -1824.7900090815351
2607.394980572223 482.1935701804723
4756.249074857829 -4098.045199132812
-3979.547317157215 1808.7645560735446
-4596.856005917188 2427.7108093474317
2073.177325608208 -3767.3331768886574
-2250.869078852292 3363.831567076075
-815.9530407970296 492.4170439829468
-1442.2696981824347 3687.129989889432
1698.2638650119652 -1655.9678310046165
2357.516380887557 -1674.7825722719244
1764.2071684667808 1357.8734070088349
-3537.008980569527 899.5896772322676
-4395.119156528046 1556.5246713343013
-999.9007909590341 -2956.786101078336
4655.791189830828 -81.03145896646947
1487.6755267007884 -3394.377326616924
93.16789046630765 1635.988364384174
-4131.91765662171 3073.1227056653706
2400.068126595579 2150.4555917563503
-732.7055677601347 2391.485933194951
-1937.5043811954051 4850.987761780027
4919.167682848831 -3806.1971757568413
-1674.6488076490027 -3754.7173201071005
4274.649023049751 2119.781302481665
-4650.202686390476 -3935.914790114586
-2406.630278096239 -174.72523642071064
-3533.2460178092615 -2430.0591436810737
4469.482676202546 1856.4043101693705
-1130.0268212371866 -3381.4734501618013
-3039.5484956285245 -2107.397003501047
-2607.507187540605 3862.2935044251535
-4125.666110097433 4704.3931092548555
-1052.7771143580358 -527.409934343068
-2235.6336703198976 -4569.548527568062
3125.2554454919054 2149.759267051103
-497.953749535779 3072.209235825454
3544.8832692523465 -4261.727361409634
1782.4736689288993 -698.7271927677293
-1277.719175204198 -328.9211234149807
-1846.8102249875274 -4499.399590687897
-1433.614584512538 199.64957646819312
-2512.930497993745 -3983.4280275074643
1879.6025595087121 1494.9647616271131
-404.5424555129139 3454.9251869245836
2145.1123596695606 -3316.892350808017
-4339.757590408679 4248.660280348973
-4823.125590596894 -3571.750990711923
3158.273719724377 972.2892265202436
4490.943200653144 -3434.442862368496
-294.4227961644456 2002.8648646909796
4183.151126960705 605.1785086458485
-332.1603115970847 2089.0635361486857
-3394.635592732603 -759.0875571609586
4928.1517524728915 -1281.3342060586742
-1047.1860536779586 943.8730851716373
-504.57279122883665 1248.705854947064
-4721.231565593375 4804.294588531964
2973.5349520565987 1551.289848075572
4150.117079313373 -524.1856861711722
4563.4542997174285 -186.1430877786588
-3036.3244311967374 4030.20121567579
4231.365615363438 153.0919285634409
1106.3190931404006 -1998.320160517827
2561.301142647563 3860.963625718503
1504.3786484232678 3841.623647855282
-4168.857105127184 1708.5359251216605
-947.461093842217 4265.446912651743
1901.879795560124 -4043.2884503000855
3789.1052715887145 -2190.176521877717
-3342.802514543991 3062.3710992350207
3752.621169247719 284.22778173430106
2192.0880778050678 -2848.663863324334
2243.1926124974943 2336.3146282746065
3141.996032196802 -811.4694501673748
2235.8361260048996 3208.130086221079
489.79023746648727 -438.175877191743
1316.3571340279213 -195.6058503317072
-532.9590015804661 4195.963614202219
1742.012943557731 -2633.2668034442686
798.4253246788312 414.27978123583125
1657.6429531707918 -4901.649320782169
3940.880815638093 -615.334591996133
3974.8859554817063 3762.839959801109
4295.553186846897 -4548.433185586185
802.6684826361416 1960.3197617469668
-3954.0031522147324 101.83048103516376
164.23788820243863 1866.9744987521153
1207.0995920706155 -1726.8179710920826
-1951.3504122522672 -2621.885179047636
-4752.396738338411 158.19124819992794
-1093.7794486784624 2886.0005433921297
2147.332864772151 -166.1958209002878
-3623.4611971488407 4361.127019993479
-638.0881548218485 -3008.5915421261025
-1268.016791032922 -3072.7821466890614
-4999.43018438232 4503.124808256851
3551.0699495108984 4172.911007193108
-4643.073082698388 4920.394043441624
-3155.6230258587284 936.4555234818517
-2953.536988456908 -3293.024674633255
1701.5200348345716 3618.5631451168283
-559.2058890913986 3389.067611312066
-3456.8114742717416 -3374.0855192633335
2742.6332659338923 2584.5560175981063
-1324.7242004540717 -4043.4051138424984
-2150.4654496535127 -3883.8516225590893
3130.748811045014 1302.2985322272289
-3552.8992031827656 -3119.043436857978
-4964.715399118347 -2118.0085093399425
2470.067127164888 332.6721863879702
3302.9487443128783 1222.8151282464923
-625.4926987249455 2482.6227122408827
-1747.526031032853 2129.3563308515613
1809.8243247845721 -1579.6450034920608
-792.1843964864429 2583.580755495427
2604.607358893495 3482.7785255735052
-1629.753083294514 -115.24659539727236
2015.1296087263618 -447.229807495346
-464.828831090972 3986.4143015066747
-4537.71202311935 -3402.781963323325
1714.1189062747517 2335.204744337717
-703.8825937165502 -4093.4638417451342
2541.7282935728645 -2065.954015408509
-2817.523089637721 -4834.934618731682
-3762.736650765821 -1585.440535458964
2539.3627167230215 1498.4859476293914
1159.1042450240056 2858.2480972640233
1981.5600041390644 2222.8571348904316
390.3303045457342 3903.70029146209
4903.923217459505 4090.6307268003256
-4630.427923691423 -4123.995394694194
1925.7912929290696 -4600.953636300949
-4587.149928834293 -3071.21340908892
2815.475131562439 -3227.928802162429
2746.255573253611 -1761.0032886338822
1916.4378074224005 -723.984500394442
-4359.354979417471 -467.65509185267547
4366.986059424025 -3350.1848436206374
241.98678833966642 3418.0218193257133
1390.4337542502308 -2406.4994524057015
-841.253662461083 -168.4819281003638
201.5478435985151 3493.914983096718
-4453.117556467555 -13.784047080319397
1057.9584440879453 4565.0061065398295
3337.219628992485 4203.118656704031
-3762.9341079940505 -174.03493331224217
615.0645522873492 -3521.998286649346
8.953004059381783 3711.9111404862706
-4929.751915328874 519.1617510850192
-2502.3824173038543 -4903.944168772124
4122.094221090052 2847.0925402813045
-4907.103014588242 1777.8150148172244
233.85179694770977 -4281.413007368971
241.00474768056392 -316.69091040734656
1528.352709626658 -2145.3161059468084
2477.5964635242417 -1373.950856853492
2507.0233637908213 2320.8099976159956
727.7494073342596 -4677.546484744494
562.8626324828438 -4945.872300147616
-2116.37572361832 4942.649257891197
-3124.3279443255688 -4545.129451452674
-3685.0000263198212 -3349.230392483763
-2655.2103003952157 -77.87139057955574
-1688.1553871295364 -1328.853684374125
-4720.299154073084 3341.9666877643467
1117.9688095053016 -2333.69500278784
2483.747342154067 -3455.692109860098
-3486.1591078968236 516.8214824119841
-4394.5190119215 2368.707666227553
1544.0180168394972 1756.2015930740572
-95.2852118995188 1338.912221440958
-4876.369434664272 1870.3325606176413
-3584.329856927473 -3018.415319678081
-3537.015903135703 -4033.5687549252507
3579.847353903866 -524.0555204738639
-48.086328063006476 4544.900059872194
-2308.292409574818 1964.117061623363
-2406.97231611679 -4257.779765676335
1544.1558893753136 1656.5108698251443
290.02686394733064 -4836.016198577484
2879.3730397749105 1598.2039765393592
175.25047793647263 4345.819119210053
-3003.1690635562327 -3141.702258631497
-4545.277444850702 -4293.140620069302
-3556.206813246018 -492.1791152487258
-2620.392784853144 -1467.2345065724357
-4595.876032948214 -3918.166978616393
1208.9754260774007 -2073.0756002096605
4400.658155767407 -355.4166415435702
-3758.1791467076528 -4344.345496047705
1300.6915354205703 -1884.2501787075726
3326.1164498979997 -893.0790306304907
-844.6846931294986 -406.2462568368255
1415.5424512297996 269.7727365455912
1163.49965703212 -506.38600807328294
775.5416317487361 3724.8796264198063
-2529.047277512957 2615.0797389028066
-2569.260750267438 1794.8321552179477
377.76003265494273 -4857.755413424907
3040.206668563799 -2925.6771343970845
1657.8768637247622 -4214.737355982256
-3513.6095799083214 2647.527906152839
-2342.316395148474 -4694.759845947635
444.96527021592465 -4267.886889266995
-1083.9326729135623 3562.650057449866
-2364.027778299723 -1650.4462471752145
-2499.31165828258 -3379.469858390641
123.34696233123759 4651.125774965129
-160.37337357711294 4158.155926847174
-3595.789282885509 -3079.038446756951
-552.38404710541 1138.7815624810064
1021.7610543110759 -3197.417881434064
-2686.6418252939948 4781.679817535025
-1281.8285328281686 -2060.4946213186427
1409.6669951975064 -3702.5616533532993
15.242969129873018 89.6772374729162
-729.2556298930213 3796.9420586463984
3021.1877141995483 -79.76767851550903
-4987.097795718138 -2388.307239825723
-4135.631169623083 1506.1185760755834
2776.7343544158184 2460.6783961495075
-1295.8080980423301 4427.616958498269
4047.485134454322 -1124.6854810727614
-267.9388545363263 2697.8844793138815
2011.6051790058145 -3911.1846986232067
-1489.0020118527805 -1387.401288919887
1396.0441094262524 -1006.0718940169454
-4604.425055490536 3101.7892644210406
-1607.136266516913 -1609.2588285642883
564.0443766272529 -961.7487533492795
2591.4986164358625 3902.0479746081255
-714.6058817787061 2734.1945605650208
-3139.7794709676455 1255.819941554103
1579.3281107565936 2899.5225162440283
2708.014287535784 960.195009923018
-3365.234829324716 -4867.5433960703895
4820.051456824034 -4727.435429268133
-3157.1214834216644 2467.8689925812887
2485.3021436155295 3728.6607483059797
621.5333371614606 4548.8093568218155
-4288.18683995709 -3385.3024894594982
3282.19992008211 -1771.07087788952
-2257.1036890679984 1888.8499307617303
-3158.3259101520753 3720.72233438307
4548.709987718794 -329.6130864822335
-213.76892554755977 3857.7826220255974
-2197.5351870057116 -2225.1493545571698
24.950042705245323 4057.0966400633824
4849.843888894851 -2980.988854691963
1886.3606888239838 -2154.4300989268663
-374.6675020196644 -2963.763443664763
4785.357992318226 1561.7255503391934
-2270.305195460548 -3216.2003031585255
3850.469828112189 -2399.295745106532
3233.074472979033 4482.286053313668
-647.5944116447909 1988.5025410733624
4090.3309754733455 -2797.4189879906785
-2839.514023637444 170.3421012703584
3537.224148782925 -3334.486278137634
2838.581120059922 4320.335794369816
3467.561528072063 -4784.556354388383
-2798.704475392215 -2322.151123230528
-185.97180507294797 -720.6560120844997
4152.256445939565 -1091.916984812231
-288.5409069318612 278.6556925521063
-4517.602510837403 84.15388785817231
1049.7110818776164 -70.28460968699619
279.2546724640706 -3095.8032326168186
-4303.751641293973 2248.045801565767
4990.553219077159 -164.1089288479834
3233.2634573058767 3072.420105557523
-3337.4066188279303 2056.6354990010987
839.4888906007845 -2822.1074697151025
-65.36277947066992 -1398.345737611818
1685.1326235444667 4143.190079573382
4000.610904846868 4292.997924370928
3437.4976570393173 -485.59178341445204
4159.147078769227 809.8100620878677
3208.986053675133 -1651.2100776167395
-670.6976958985388 -2939.861480918635
398.48146645078214 244.03149296314677
-2720.344253301682 4618.698741016884
470.3413708756634 3653.23079491325
132.20103353532522 -1775.1267239850145
3337.1141847434774 -3474.614369000932
1969.574146826565 -2395.1823977948216
1459.8590381951035 -346.29940455671203
-4142.5880551921155 3944.8341065830846
-4354.060014111192 1555.2517061064782
-2344.5890148057592 -2027.476037732039
2053.252295401202 3395.3839734491194
-4272.145259439838 -1377.5140759529945
235.80920206762767 -3327.221224893254
2511.8310107514526 3604.0402759397966
395.27092645974426 4113.126992609274
-752.8718128979481 2631.479127781172
676.1567652359699 1493.514141190375
2689.2524187656454 2585.7921067580346
2356.5259310230076 -4338.637463602889
-4205.104137686756 -1041.920647429794
-3030.157580817746 -2477.5270414608553
-4128.834515930648 -4903.531021626286
1123.0055567935751 3625.7447060672857
438.74082452745006 -2456.2825214790864
4705.680323917382 679.5966286216708
4718.198538876075 2201.593207143068
3608.1183751176122 -3793.8690588585555
-1273.34666805909 -650.0674384649265
3245.3319128484545 -797.6614483296007
2989.372118072987 2551.6584320473457
257.4699122236998 -4810.820985938886
-1925.4795295084327 2466.5480937145785
4296.462891806472 2650.243675079707
4932.728072970913 3150.6612213331446
614.7926143020632 -933.5470167509707
-1394.3596773983213 842.4611210060775
-1871.1091230382835 -4767.974271154188
-2108.135171170555 2801.6346209772473
4138.242384151075 296.2226619642097
2448.3795349756574 1035.8463477085897
-2036.1962186756964 1763.7420528309913
-938.5795230083149 -584.1716875734328
3783.7388981409295 -1397.7711185966891
-874.0563906550706 1167.7629568767015
2879.6739891832885 -1304.1156451514603
1174.3268480965598 -2813.260120299417
-2511.185755418642 -718.8391653322205
-4557.3841629207145 -1611.4990124394835
4527.534159256522 1205.4421313930397
1145.934113967558 82.91356225156233
-541.7544289638054 4765.801630024553
-882.6040709612462 2011.361896841795
215.4688950019754 4051.4881469210395
3184.2556080145087 1464.7018597535125
-4935.698996936424 -3086.962666249874
182.54169279680264 -377.1611793232114
3023.301311164747 3986.935429229292
-418.6444860847123 2397.3358305818274
-1343.9569201818126 -4720.622884169622
3860.9945599881194 491.56423760030066
-861.1226481983604 -4429.947051404286
-3397.601527409295 -1491.5175845731555
-2398.0788432410905 4624.406654071932
-1134.5336421455077 -1815.1165882677255
-2457.772756769838 -1504.1425003662202
4470.690725492812 -3670.1800662335636
-3461.966218684781 2469.135715388171
-1634.1143527196587 -4121.551535230186
3130.4770671678607 1282.2880493951716
921.747691060832 4298.5821270205215
2109.471635192951 3083.0963437778737
266.9646726504452 3694.2410885903137
4506.903505868002 354.0558954414764
3043.941906535385 -2498.833198723641
2606.573275953745 267.41953919672414
-3872.2210756586537 4814.134764223434
-666.2139758928761 -1832.2091698576783
-2746.035387144483 -4438.386516168136
-1560.843750846468 -1679.757896619326
-2550.801250945246 1328.6900673573164
2703.699352818684 -3605.5922039521583
-3616.7459780817767 2816.5064374578023
894.611100647212 4337.991185902512
-2462.8043127018595 2384.9591009919095
-4267.978404035494 -787.1794378979739
-4903.234645026805 -1222.8994525249882
-2324.6555294208606 -2729.895259963708
-197.81335423210658 -152.96897078143502
-3414.963114452041 -3412.678535925907
-3678.7331142227167 -712.3535140539016
403.0725993214555 -3874.519961919677
-1968.659572476461 -2512.056215092322
-1633.665683745418 -2164.2001009926094
-2372.334446969897 1851.7766567723238
-2229.3828681716363 -4315.705573245168
-1676.1605265393773 -2171.252348569619
-1432.415260324431 3644.145582017245
4259.7881528770795 1429.6416389596989
4167.441042540355 -1061.8739802039613
-1505.9124186962836 4766.463008084043
4075.285266570978 -978.4960421058818
967.7623688755266 -763.3624811797699
2029.172954908363 409.7028935206363
4091.681472214532 930.6242144923608
389.47603409379826 -2497.370686028261
444.93086142822995 3921.094433652983
4212.241745143916 3184.8487851974915
165.65910193944183 -1629.6074950266593
173.92824243334235 2170.9390912540084
4536.459053380913 4071.3032307183657
231.77142622661358 1644.6446760158724
-3391.256525077593 -4688.967859819923
-4127.675747293948 -4697.349529652489
-4659.140536031532 -822.846699806767
3002.107213237984 -430.76748497310655
-2805.8375937830783 -339.035050899457
-1848.6482750125056 4101.280544862664
-4875.624556523817 1770.4124297199078
4736.463985043063 -855.2814756620737
3513.6523139922556 -798.7106485450468
3841.7060957209505 -4849.995376573939
-2993.9104923015657 -2650.751816919367
2876.62744822234 -1825.0054527995376
-1307.8923727906367 -4828.552127105065
-1699.9697190955508 -1513.0544049840655
1297.5454596937543 25.117096135009888
-988.3972541965422 -2165.3718276057552
-545.0948913672819 39.39959889995953
-270.5336100568502 -1633.570003392062
-4739.11040100442 -1857.3555252681417
3663.580056159115 -4338.5217430795
4286.969326724193 2591.273387414648
-3094.21847193201 4919.551908280595
3667.249481239751 -3763.043925884911
4338.992425933993 -1770.4676239073192
4199.29816601755 2890.0869253774727
3370.2377507564725 -3136.851112921702
392.62065654366415 -1707.243515483331
-1010.9625709594193 3135.19175483282
-4811.637936707848 -1140.8196340044574
-33.269332671698066 -4459.555739755099
4498.420370331311 145.9633378153103
308.3624104715136 3165.2540701757534
-1270.6921102301326 4322.170794650798
-3680.4702642211305 3022.5207890885567
2796.5053253248043 -4061.2451720342547
-1020.6010641957596 2374.846484563698
3755.5454289795853 -1825.7954463793367
3217.3088475659224 4431.122051773082
186.92011352928057 2391.797836203551
3084.4865945211304 243.36035753968918
4320.252964276828 -1351.1319098502618
-1496.0373675576398 -4856.375835599803
-4327.486327630297 -1388.0912324540318
-4957.266203440169 -2529.8385323775574
-1829.6445290206043 -843.3742246036027
1614.6253934351162 -2914.9302367845607
1350.0351297060797 1854.4361489872545
-2918.64296668046 514.6859765401769
1303.767879975574 -1290.9461473092088
3585.453265356109 -3269.9277117208667
89.0093627475153 -4386.2137274611105
1151.8947228750476 -3329.5241179885807
276.7126557845777 1875.306603741833
-471.48921256860467 4220.951749702535
-2382.5735828632123 -3146.6634774311533
3077.0904510753526 -278.0100007081519
2598.8444194068907 -2516.99680109727
595.015844168407 334.0590041856276
1043.3306574381422 -3658.6271308246587
4331.338843770531 3339.766474557773
-2707.149234316215 2373.9166434506333
3098.0501613185716 -4477.061201631489
-4653.496365690905 -4257.037201396585
1956.9276741761887 -1531.7972861331555
4811.365589056457 -1676.2364192682376
-451.3775159788529 329.48965063466585
-4160.777811556289 2828.511451319565
1808.091877081296 912.9211807591064
2190.23443795973 -3264.6722359418936
-1633.9317671215372 3044.0156942994454
4470.278528878178 3497.2552964120623
2832.9350839505632 -2167.9600798987144
-364.8292941747941 -4227.569710314709
3657.454936958531 -2025.4912960511606
208.96183847483007 -3469.1849941327146
3195.205648815172 -4043.312514728761
4959.404297980578 -296.91714126984334
-1988.4309032467672 4085.4919045655042
2657.9210985025566 3780.669908704489
4912.749636821876 -2192.3422087585386
-501.3260679931109 900.609540301868
-3097.5297013291524 4371.225195394603
-3177.0139219537496 3079.988259927577
3912.6787948656474 -1304.2161299172417
206.4665760337084 -1664.19294458803
-508.34832882369665 4145.945375046516
-2911.9037027602967 -2726.608892956448
494.6724572080475 4089.6612944175868
-1147.6336084199665 -2646.4519183517054
174.9954377015074 694.0605954973926
891.8355660903098 -3962.9974394946166
-865.9180835488596 -4432.712336940522
-4678.496526892497 67.04627870230433
1692.351225634632 -4194.485525572981
2825.9141975207467 124.44293423844101
4132.524513797 -4802.240621444687
-1368.1056365472186 -1367.4362311060618
3677.7468143440037 2644.463876103302
324.6493902244765 318.49269784024364
2017.599380274607 4293.0358106329095
-2832.663525104934 4545.471204401219
-1752.1500041615468 -3327.5275416409445
-1752.0923960256405 -2084.558017566055
-3262.757851284411 22.700013264150584
2027.6314655892147 1261.6575180442733
4137.470606698464 3687.828031540863
2060.2265914446616 -2898.362183891775
3802.8574536694578 -4181.358467296394
-4516.942564092954 -2886.3653589192695
1468.5192093297865 -4957.1958888057625
1101.7531982481187 1325.1249863084677
-3388.4668550634324 -3567.259722024888
1767.8017949737114 7.9249326553790524
82.46137047956654 270.8145316654627
-662.1419295863907 1822.8403337495192
-2588.1614279144915 3893.179842146277
-227.9462456553183 -2916.5855397152186
-1704.1883274588631 1697.9778436084762
