-5 10
5 20
-5 30
5 40
-5 50
5 60
-5 70
5 80
-5 90
5 100
-5 110
5 120
-5 130
5 140
-5 150
5 160
-5 170
5 180
-5 190
5 200
-5 210
5 220
-5 230
5 240
-5 250
5 260
-5 270
5 280
-5 290
5 300
-5 310
5 320
-5 330
5 340
-5 350
5 360
-5 370
5 380
-5 390
5 400
-5 410
5 420
-5 430
5 440
-5 450
5 460
-5 470
5 480
-5 490
5 500
-5 510
5 520
-5 530
5 540
-5 550
5 560
-5 570
5 580
-5 590
5 600
-5 610
5 620
-5 630
5 640
-5 650
5 660
-5 670
5 680
-5 690
5 700
-5 710
5 720
-5 730
5 740
-5 750
5 760
-5 770
5 780
-5 790
5 800
-5 810
5 820
-5 830
5 840
-5 850
5 860
-5 870
5 880
-5 890
5 900
-5 910
5 920
-5 930
5 940
-5 950
5 960
-5 970
5 980
-5 990
5 1000
-5 1010
5 1020
-5 1030
5 1040
-5 1050
5 1060
-5 1070
5 1080
-5 1090
5 1100
-5 1110
5 1120
-5 1130
5 1140
-5 1150
5 1160
-5 1170
5 1180
-5 1190
5 1200
-5 1210
5 1220
-5 1230
5 1240
-5 1250
5 1260
-5 1270
5 1280
-5 1290
5 1300
-5 1310
5 1320
-5 1330
5 1340
-5 1350
5 1360
-5 1370
5 1380
-5 1390
5 1400
-5 1410
5 1420
-5 1430
5 1440
-5 1450
5 1460
-5 1470
5 1480
-5 1490
5 1500
-5 1510
5 1520
-5 1530
5 1540
-5 1550
5 1560
-5 1570
5 1580
-5 1590
5 1600
-5 1610
5 1620
-5 1630
5 1640
-5 1650
5 1660
-5 1670
5 1680
-5 1690
5 1700
-5 1710
5 1720
-5 1730
5 1740
-5 1750
5 1760
-5 1770
5 1780
-5 1790
5 1800
-5 1810
5 1820
-5 1830
5 1840
-5 1850
5 1860
-5 1870
5 1880
-5 1890
5 1900
-5 1910
5 1920
-5 1930
5 1940
-5 1950
5 1960
-5 1970
5 1980
-5 1990
5 2000
-5 2010
5 2020
-5 2030
5 2040
-5 2050
5 2060
-5 2070
5 2080
-5 2090
5 2100
-5 2110
5 2120
-5 2130
5 2140
-5 2150
5 2160
-5 2170
5 2180
-5 2190
5 2200
-5 2210
5 2220
-5 2230
5 2240
-5 2250
5 2260
-5 2270
5 2280
-5 2290
5 2300
-5 2310
5 2320
-5 2330
5 2340
-5 2350
5 2360
-5 2370
5 2380
-5 2390
5 2400
-5 2410
5 2420
-5 2430
5 2440
-5 2450
5 2460
-5 2470
5 2480
-5 2490
5 2500
-5 2510
5 2520
-5 2530
5 2540
-5 2550
5 2560
-5 2570
5 2580
-5 2590
5 2600
-5 2610
5 2620
-5 2630
5 2640
-5 2650
5 2660
-5 2670
5 2680
-5 2690
5 2700
-5 2710
5 2720
-5 2730
5 2740
-5 2750
5 2760
-5 2770
5 2780
-5 2790
5 2800
-5 2810
5 2820
-5 2830
5 2840
-5 2850
5 2860
-5 2870
5 2880
-5 2890
5 2900
-5 2910
5 2920
-5 2930
5 2940
-5 2950
5 2960
-5 2970
5 2980
-5 2990
5 3000
-5 3010
5 3020
-5 3030
5 3040
-5 3050
5 3060
-5 3070
5 3080
-5 3090
5 3100
-5 3110
5 3120
-5 3130
5 3140
-5 3150
5 3160
-5 3170
5 3180
-5 3190
5 3200
-5 3210
5 3220
-5 3230
5 3240
-5 3250
5 3260
-5 3270
5 3280
-5 3290
5 3300
-5 3310
5 3320
-5 3330
5 3340
-5 3350
5 3360
-5 3370
5 3380
-5 3390
5 3400
-5 3410
5 3420
-5 3430
5 3440
-5 3450
5 3460
-5 3470
5 3480
-5 3490
5 3500
-5 3510
5 3520
-5 3530
5 3540
-5 3550
5 3560
-5 3570
5 3580
-5 3590
5 3600
-5 3610
5 3620
-5 3630
5 3640
-5 3650
5 3660
-5 3670
5 3680
-5 3690
5 3700
-5 3710
5 3720
-5 3730
5 3740
-5 3750
5 3760
-5 3770
5 3780
-5 3790
5 3800
-5 3810
5 3820
-5 3830
5 3840
-5 3850
5 3860
-5 3870
5 3880
-5 3890
5 3900
-5 3910
5 3920
-5 3930
5 3940
-5 3950
5 3960
-5 3970
5 3980
-5 3990
5 4000
-5 4010
5 4020
-5 4030
5 4040
-5 4050
5 4060
-5 4070
5 4080
-5 4090
5 4100
-5 4110
5 4120
-5 4130
5 4140
-5 4150
5 4160
-5 4170
5 4180
-5 4190
5 4200
-5 4210
5 4220
-5 4230
5 4240
-5 4250
5 4260
-5 4270
5 4280
-5 4290
5 4300
-5 4310
5 4320
-5 4330
5 4340
-5 4350
5 4360
-5 4370
5 4380
-5 4390
5 4400
-5 4410
5 4420
-5 4430
5 4440
-5 4450
5 4460
-5 4470
5 4480
-5 4490
5 4500
-5 4510
5 4520
-5 4530
5 4540
-5 4550
5 4560
-5 4570
5 4580
-5 4590
5 4600
-5 4610
5 4620
-5 4630
5 4640
-5 4650
5 4660
-5 4670
5 4680
-5 4690
5 4700
-5 4710
5 4720
-5 4730
5 4740
-5 4750
5 4760
-5 4770
5 4780
-5 4790
5 4800
-5 4810
5 4820
-5 4830
5 4840
-5 4850
5 4860
-5 4870
5 4880
-5 4890
5 4900
-5 4910
5 4920
-5 4930
5 4940
-5 4950
5 4960
-5 4970
5 4980
-5 4990
5 5000
-5 5010
5 5020
-5 5030
5 5040
-5 5050
5 5060
-5 5070
5 5080
-5 5090
5 5100
-5 5110
5 5120
-5 5130
5 5140
-5 5150
5 5160
-5 5170
5 5180
-5 5190
5 5200
-5 5210
5 5220
-5 5230
5 5240
-5 5250
5 5260
-5 5270
5 5280
-5 5290
5 5300
-5 5310
5 5320
-5 5330
5 5340
-5 5350
5 5360
-5 5370
5 5380
-5 5390
5 5400
-5 5410
5 5420
-5 5430
5 5440
-5 5450
5 5460
-5 5470
5 5480
-5 5490
5 5500
-5 5510
5 5520
-5 5530
5 5540
-5 5550
5 5560
-5 5570
5 5580
-5 5590
5 5600
-5 5610
5 5620
-5 5630
5 5640
-5 5650
5 5660
-5 5670
5 5680
-5 5690
5 5700
-5 5710
5 5720
-5 5730
5 5740
-5 5750
5 5760
-5 5770
5 5780
-5 5790
5 5800
-5 5810
5 5820
-5 5830
5 5840
-5 5850
5 5860
-5 5870
5 5880
-5 5890
5 5900
-5 5910
5 5920
-5 5930
5 5940
-5 5950
5 5960
-5 5970
5 5980
-5 5990
5 6000
-5 6010
5 6020
-5 6030
5 6040
-5 6050
5 6060
-5 6070
5 6080
-5 6090
5 6100
-5 6110
5 6120
-5 6130
5 6140
-5 6150
5 6160
-5 6170
5 6180
-5 6190
5 6200
-5 6210
5 6220
-5 6230
5 6240
-5 6250
5 6260
-5 6270
5 6280
-5 6290
5 6300
-5 6310
5 6320
-5 6330
5 6340
-5 6350
5 6360
-5 6370
5 6380
-5 6390
5 6400
-5 6410
5 6420
-5 6430
5 6440
-5 6450
5 6460
-5 6470
5 6480
-5 6490
5 6500
-5 6510
5 6520
-5 6530
5 6540
-5 6550
5 6560
-5 6570
5 6580
-5 6590
5 6600
-5 6610
5 6620
-5 6630
5 6640
-5 6650
5 6660
-5 6670
5 6680
-5 6690
5 6700
-5 6710
5 6720
-5 6730
5 6740
-5 6750
5 6760
-5 6770
5 6780
-5 6790
5 6800
-5 6810
5 6820
-5 6830
5 6840
-5 6850
5 6860
-5 6870
5 6880
-5 6890
5 6900
-5 6910
5 6920
-5 6930
5 6940
-5 6950
5 6960
-5 6970
5 6980
-5 6990
5 7000
-5 7010
5 7020
-5 7030
5 7040
-5 7050
5 7060
-5 7070
5 7080
-5 7090
5 7100
-5 7110
5 7120
-5 7130
5 7140
-5 7150
5 7160
-5 7170
5 7180
-5 7190
5 7200
-5 7210
5 7220
-5 7230
5 7240
-5 7250
5 7260
-5 7270
5 7280
-5 7290
5 7300
-5 7310
5 7320
-5 7330
5 7340
-5 7350
5 7360
-5 7370
5 7380
-5 7390
5 7400
-5 7410
5 7420
-5 7430
5 7440
-5 7450
5 7460
-5 7470
5 7480
-5 7490
5 7500
-5 7510
5 7520
-5 7530
5 7540
-5 7550
5 7560
-5 7570
5 7580
-5 7590
5 7600
-5 7610
5 7620
-5 7630
5 7640
-5 7650
5 7660
-5 7670
5 7680
-5 7690
5 7700
-5 7710
5 7720
-5 7730
5 7740
-5 7750
5 7760
-5 7770
5 7780
-5 7790
5 7800
-5 7810
5 7820
-5 7830
5 7840
-5 7850
5 7860
-5 7870
5 7880
-5 7890
5 7900
-5 7910
5 7920
-5 7930
5 7940
-5 7950
5 7960
-5 7970
5 7980
-5 7990
5 8000
-5 8010
5 8020
-5 8030
5 8040
-5 8050
5 8060
-5 8070
5 8080
-5 8090
5 8100
-5 8110
5 8120
-5 8130
5 8140
-5 8150
5 8160
-5 8170
5 8180
-5 8190
5 8200
-5 8210
5 8220
-5 8230
5 8240
-5 8250
5 8260
-5 8270
5 8280
-5 8290
5 8300
-5 8310
5 8320
-5 8330
5 8340
-5 8350
5 8360
-5 8370
5 8380
-5 8390
5 8400
-5 8410
5 8420
-5 8430
5 8440
-5 8450
5 8460
-5 8470
5 8480
-5 8490
5 8500
-5 8510
5 8520
-5 8530
5 8540
-5 8550
5 8560
-5 8570
5 8580
-5 8590
5 8600
-5 8610
5 8620
-5 8630
5 8640
-5 8650
5 8660
-5 8670
5 8680
-5 8690
5 8700
-5 8710
5 8720
-5 8730
5 8740
-5 8750
5 8760
-5 8770
5 8780
-5 8790
5 8800
-5 8810
5 8820
-5 8830
5 8840
-5 8850
5 8860
-5 8870
5 8880
-5 8890
5 8900
-5 8910
5 8920
-5 8930
5 8940
-5 8950
5 8960
-5 8970
5 8980
-5 8990
5 9000
-5 9010
5 9020
-5 9030
5 9040
-5 9050
5 9060
-5 9070
5 9080
-5 9090
5 9100
-5 9110
5 9120
-5 9130
5 9140
-5 9150
5 9160
-5 9170
5 9180
-5 9190
5 9200
-5 9210
5 9220
-5 9230
5 9240
-5 9250
5 9260
-5 9270
5 9280
-5 9290
5 9300
-5 9310
5 9320
-5 9330
5 9340
-5 9350
5 9360
-5 9370
5 9380
-5 9390
5 9400
-5 9410
5 9420
-5 9430
5 9440
-5 9450
5 9460
-5 9470
5 9480
-5 9490
5 9500
-5 9510
5 9520
-5 9530
5 9540
-5 9550
5 9560
-5 9570
5 9580
-5 9590
5 9600
-5 9610
5 9620
-5 9630
5 9640
-5 9650
5 9660
-5 9670
5 9680
-5 9690
5 9700
-5 9710
5 9720
-5 9730
5 9740
-5 9750
5 9760
-5 9770
5 9780
-5 9790
5 9800
-5 9810
5 9820
-5 9830
5 9840
-5 9850
5 9860
-5 9870
5 9880
-5 9890
5 9900
-5 9910
5 9920
-5 9930
5 9940
-5 9950
5 9960
-5 9970
5 9980
-5 9990
5 10000
-5 10010
5 10020
-5 10030
5 10040
-5 10050
5 10060
-5 10070
5 10080
-5 10090
5 10100
-5 10110
5 10120
-5 10130
5 10140
-5 10150
5 10160
-5 10170
5 10180
-5 10190
5 10200
-5 10210
5 10220
-5 10230
5 10240
-5 10250
5 10260
-5 10270
5 10280
-5 10290
5 10300
-5 10310
5 10320
-5 10330
5 10340
-5 10350
5 10360
-5 10370
5 10380
-5 10390
5 10400
-5 10410
5 10420
-5 10430
5 10440
-5 10450
5 10460
-5 10470
5 10480
-5 10490
5 10500
-5 10510
5 10520
-5 10530
5 10540
-5 10550
5 10560
-5 10570
5 10580
-5 10590
5 10600
-5 10610
5 10620
-5 10630
5 10640
-5 10650
5 10660
-5 10670
5 10680
-5 10690
5 10700
-5 10710
5 10720
-5 10730
5 10740
-5 10750
5 10760
-5 10770
5 10780
-5 10790
5 10800
-5 10810
5 10820
-5 10830
5 10840
-5 10850
5 10860
-5 10870
5 10880
-5 10890
5 10900
-5 10910
5 10920
-5 10930
5 10940
-5 10950
5 10960
-5 10970
5 10980
-5 10990
5 11000
-5 11010
5 11020
-5 11030
5 11040
-5 11050
5 11060
-5 11070
5 11080
-5 11090
5 11100
-5 11110
5 11120
-5 11130
5 11140
-5 11150
5 11160
-5 11170
5 11180
-5 11190
5 11200
-5 11210
5 11220
-5 11230
5 11240
-5 11250
5 11260
-5 11270
5 11280
-5 11290
5 11300
-5 11310
5 11320
-5 11330
5 11340
-5 11350
5 11360
-5 11370
5 11380
-5 11390
5 11400
-5 11410
5 11420
-5 11430
5 11440
-5 11450
5 11460
-5 11470
5 11480
-5 11490
5 11500
-5 11510
5 11520
-5 11530
5 11540
-5 11550
5 11560
-5 11570
5 11580
-5 11590
5 11600
-5 11610
5 11620
-5 11630
5 11640
-5 11650
5 11660
-5 11670
5 11680
-5 11690
5 11700
-5 11710
5 11720
-5 11730
5 11740
-5 11750
5 11760
-5 11770
5 11780
-5 11790
5 11800
-5 11810
5 11820
-5 11830
5 11840
-5 11850
5 11860
-5 11870
5 11880
-5 11890
5 11900
-5 11910
5 11920
-5 11930
5 11940
-5 11950
5 11960
-5 11970
5 11980
-5 11990
5 12000
-5 12010
5 12020
-5 12030
5 12040
-5 12050
5 12060
-5 12070
5 12080
-5 12090
5 12100
-5 12110
5 12120
-5 12130
5 12140
-5 12150
5 12160
-5 12170
5 12180
-5 12190
5 12200
-5 12210
5 12220
-5 12230
5 12240
-5 12250
5 12260
-5 12270
5 12280
-5 12290
5 12300
-5 12310
5 12320
-5 12330
5 12340
-5 12350
5 12360
-5 12370
5 12380
-5 12390
5 12400
-5 12410
5 12420
-5 12430
5 12440
-5 12450
5 12460
-5 12470
5 12480
-5 12490
5 12500
-5 12510
5 12520
-5 12530
5 12540
-5 12550
5 12560
-5 12570
5 12580
-5 12590
5 12600
-5 12610
5 12620
-5 12630
5 12640
-5 12650
5 12660
-5 12670
5 12680
-5 12690
5 12700
-5 12710
5 12720
-5 12730
5 12740
-5 12750
5 12760
-5 12770
5 12780
-5 12790
5 12800
-5 12810
5 12820
-5 12830
5 12840
-5 12850
5 12860
-5 12870
5 12880
-5 12890
5 12900
-5 12910
5 12920
-5 12930
5 12940
-5 12950
5 12960
-5 12970
5 12980
-5 12990
5 13000
-5 13010
5 13020
-5 13030
5 13040
-5 13050
5 13060
-5 13070
5 13080
-5 13090
5 13100
-5 13110
5 13120
-5 13130
5 13140
-5 13150
5 13160
-5 13170
5 13180
-5 13190
5 13200
-5 13210
5 13220
-5 13230
5 13240
-5 13250
5 13260
-5 13270
5 13280
-5 13290
5 13300
-5 13310
5 13320
-5 13330
5 13340
-5 13350
5 13360
-5 13370
5 13380
-5 13390
5 13400
-5 13410
5 13420
-5 13430
5 13440
-5 13450
5 13460
-5 13470
5 13480
-5 13490
5 13500
-5 13510
5 13520
-5 13530
5 13540
-5 13550
5 13560
-5 13570
5 13580
-5 13590
5 13600
-5 13610
5 13620
-5 13630
5 13640
-5 13650
5 13660
-5 13670
5 13680
-5 13690
5 13700
-5 13710
5 13720
-5 13730
5 13740
-5 13750
5 13760
-5 13770
5 13780
-5 13790
5 13800
-5 13810
5 13820
-5 13830
5 13840
-5 13850
5 13860
-5 13870
5 13880
-5 13890
5 13900
-5 13910
5 13920
-5 13930
5 13940
-5 13950
5 13960
-5 13970
5 13980
-5 13990
5 14000
-5 14010
5 14020
-5 14030
5 14040
-5 14050
5 14060
-5 14070
5 14080
-5 14090
5 14100
-5 14110
5 14120
-5 14130
5 14140
-5 14150
5 14160
-5 14170
5 14180
-5 14190
5 14200
-5 14210
5 14220
-5 14230
5 14240
-5 14250
5 14260
-5 14270
5 14280
-5 14290
5 14300
-5 14310
5 14320
-5 14330
5 14340
-5 14350
5 14360
-5 14370
5 14380
-5 14390
5 14400
-5 14410
5 14420
-5 14430
5 14440
-5 14450
5 14460
-5 14470
5 14480
-5 14490
5 14500
-5 14510
5 14520
-5 14530
5 14540
-5 14550
5 14560
-5 14570
5 14580
-5 14590
5 14600
-5 14610
5 14620
-5 14630
5 14640
-5 14650
5 14660
-5 14670
5 14680
-5 14690
5 14700
-5 14710
5 14720
-5 14730
5 14740
-5 14750
5 14760
-5 14770
5 14780
-5 14790
5 14800
-5 14810
5 14820
-5 14830
5 14840
-5 14850
5 14860
-5 14870
5 14880
-5 14890
5 14900
-5 14910
5 14920
-5 14930
5 14940
-5 14950
5 14960
-5 14970
5 14980
-5 14990
5 15000
-5 15010
5 15020
-5 15030
5 15040
-5 15050
5 15060
-5 15070
5 15080
-5 15090
5 15100
-5 15110
5 15120
-5 15130
5 15140
-5 15150
5 15160
-5 15170
5 15180
-5 15190
5 15200
-5 15210
5 15220
-5 15230
5 15240
-5 15250
5 15260
-5 15270
5 15280
-5 15290
5 15300
-5 15310
5 15320
-5 15330
5 15340
-5 15350
5 15360
-5 15370
5 15380
-5 15390
5 15400
-5 15410
5 15420
-5 15430
5 15440
-5 15450
5 15460
-5 15470
5 15480
-5 15490
5 15500
-5 15510
5 15520
-5 15530
5 15540
-5 15550
5 15560
-5 15570
5 15580
-5 15590
5 15600
-5 15610
5 15620
-5 15630
5 15640
-5 15650
5 15660
-5 15670
5 15680
-5 15690
5 15700
-5 15710
5 15720
-5 15730
5 15740
-5 15750
5 15760
-5 15770
5 15780
-5 15790
5 15800
-5 15810
5 15820
-5 15830
5 15840
-5 15850
5 15860
-5 15870
5 15880
-5 15890
5 15900
-5 15910
5 15920
-5 15930
5 15940
-5 15950
5 15960
-5 15970
5 15980
-5 15990
5 16000
-5 16010
5 16020
-5 16030
5 16040
-5 16050
5 16060
-5 16070
5 16080
-5 16090
5 16100
-5 16110
5 16120
-5 16130
5 16140
-5 16150
5 16160
-5 16170
5 16180
-5 16190
5 16200
-5 16210
5 16220
-5 16230
5 16240
-5 16250
5 16260
-5 16270
5 16280
-5 16290
5 16300
-5 16310
5 16320
-5 16330
5 16340
-5 16350
5 16360
-5 16370
5 16380
-5 16390
5 16400
-5 16410
5 16420
-5 16430
5 16440
-5 16450
5 16460
-5 16470
5 16480
-5 16490
5 16500
-5 16510
5 16520
-5 16530
5 16540
-5 16550
5 16560
-5 16570
5 16580
-5 16590
5 16600
-5 16610
5 16620
-5 16630
5 16640
-5 16650
5 16660
-5 16670
5 16680
-5 16690
5 16700
-5 16710
5 16720
-5 16730
5 16740
-5 16750
5 16760
-5 16770
5 16780
-5 16790
5 16800
-5 16810
5 16820
-5 16830
5 16840
-5 16850
5 16860
-5 16870
5 16880
-5 16890
5 16900
-5 16910
5 16920
-5 16930
5 16940
-5 16950
5 16960
-5 16970
5 16980
-5 16990
5 17000
-5 17010
5 17020
-5 17030
5 17040
-5 17050
5 17060
-5 17070
5 17080
-5 17090
5 17100
-5 17110
5 17120
-5 17130
5 17140
-5 17150
5 17160
-5 17170
5 17180
-5 17190
5 17200
-5 17210
5 17220
-5 17230
5 17240
-5 17250
5 17260
-5 17270
5 17280
-5 17290
5 17300
-5 17310
5 17320
-5 17330
5 17340
-5 17350
5 17360
-5 17370
5 17380
-5 17390
5 17400
-5 17410
5 17420
-5 17430
5 17440
-5 17450
5 17460
-5 17470
5 17480
-5 17490
5 17500
-5 17510
5 17520
-5 17530
5 17540
-5 17550
5 17560
-5 17570
5 17580
-5 17590
5 17600
-5 17610
5 17620
-5 17630
5 17640
-5 17650
5 17660
-5 17670
5 17680
-5 17690
5 17700
-5 17710
5 17720
-5 17730
5 17740
-5 17750
5 17760
-5 17770
5 17780
-5 17790
5 17800
-5 17810
5 17820
-5 17830
5 17840
-5 17850
5 17860
-5 17870
5 17880
-5 17890
5 17900
-5 17910
5 17920
-5 17930
5 17940
-5 17950
5 17960
-5 17970
5 17980
-5 17990
5 18000
-5 18010
5 18020
-5 18030
5 18040
-5 18050
5 18060
-5 18070
5 18080
-5 18090
5 18100
-5 18110
5 18120
-5 18130
5 18140
-5 18150
5 18160
-5 18170
5 18180
-5 18190
5 18200
-5 18210
5 18220
-5 18230
5 18240
-5 18250
5 18260
-5 18270
5 18280
-5 18290
5 18300
-5 18310
5 18320
-5 18330
5 18340
-5 18350
5 18360
-5 18370
5 18380
-5 18390
5 18400
-5 18410
5 18420
-5 18430
5 18440
-5 18450
5 18460
-5 18470
5 18480
-5 18490
5 18500
-5 18510
5 18520
-5 18530
5 18540
-5 18550
5 18560
-5 18570
5 18580
-5 18590
5 18600
-5 18610
5 18620
-5 18630
5 18640
-5 18650
5 18660
-5 18670
5 18680
-5 18690
5 18700
-5 18710
5 18720
-5 18730
5 18740
-5 18750
5 18760
-5 18770
5 18780
-5 18790
5 18800
-5 18810
5 18820
-5 18830
5 18840
-5 18850
5 18860
-5 18870
5 18880
-5 18890
5 18900
-5 18910
5 18920
-5 18930
5 18940
-5 18950
5 18960
-5 18970
5 18980
-5 18990
5 19000
-5 19010
5 19020
-5 19030
5 19040
-5 19050
5 19060
-5 19070
5 19080
-5 19090
5 19100
-5 19110
5 19120
-5 19130
5 19140
-5 19150
5 19160
-5 19170
5 19180
-5 19190
5 19200
-5 19210
5 19220
-5 19230
5 19240
-5 19250
5 19260
-5 19270
5 19280
-5 19290
5 19300
-5 19310
5 19320
-5 19330
5 19340
-5 19350
5 19360
-5 19370
5 19380
-5 19390
5 19400
-5 19410
5 19420
-5 19430
5 19440
-5 19450
5 19460
-5 19470
5 19480
-5 19490
5 19500
-5 19510
5 19520
-5 19530
5 19540
-5 19550
5 19560
-5 19570
5 19580
-5 19590
5 19600
-5 19610
5 19620
-5 19630
5 19640
-5 19650
5 19660
-5 19670
5 19680
-5 19690
5 19700
-5 19710
5 19720
-5 19730
5 19740
-5 19750
5 19760
-5 19770
5 19780
-5 19790
5 19800
-5 19810
5 19820
-5 19830
5 19840
-5 19850
5 19860
-5 19870
5 19880
-5 19890
5 19900
-5 19910
5 19920
-5 19930
5 19940
-5 19950
5 19960
-5 19970
5 19980
-5 19990
5 20000
-5 20010
5 20020
-5 20030
5 20040
-5 20050
5 20060
-5 20070
5 20080
-5 20090
5 20100
-5 20110
5 20120
-5 20130
5 20140
-5 20150
5 20160
-5 20170
5 20180
-5 20190
5 20200
-5 20210
5 20220
-5 20230
5 20240
-5 20250
5 20260
-5 20270
5 20280
-5 20290
5 20300
-5 20310
5 20320
-5 20330
5 20340
-5 20350
5 20360
-5 20370
5 20380
-5 20390
5 20400
-5 20410
5 20420
-5 20430
5 20440
-5 20450
5 20460
-5 20470
5 20480
-5 20490
5 20500
-5 20510
5 20520
-5 20530
5 20540
-5 20550
5 20560
-5 20570
5 20580
-5 20590
5 20600
-5 20610
5 20620
-5 20630
5 20640
-5 20650
5 20660
-5 20670
5 20680
-5 20690
5 20700
-5 20710
5 20720
-5 20730
5 20740
-5 20750
5 20760
-5 20770
5 20780
-5 20790
5 20800
-5 20810
5 20820
-5 20830
5 20840
-5 20850
5 20860
-5 20870
5 20880
-5 20890
5 20900
-5 20910
5 20920
-5 20930
5 20940
-5 20950
5 20960
-5 20970
5 20980
-5 20990
5 21000
-5 21010
5 21020
-5 21030
5 21040
-5 21050
5 21060
-5 21070
5 21080
-5 21090
5 21100
-5 21110
5 21120
-5 21130
5 21140
-5 21150
5 21160
-5 21170
5 21180
-5 21190
5 21200
-5 21210
5 21220
-5 21230
5 21240
-5 21250
5 21260
-5 21270
5 21280
-5 21290
5 21300
-5 21310
5 21320
-5 21330
5 21340
-5 21350
5 21360
-5 21370
5 21380
-5 21390
5 21400
-5 21410
5 21420
-5 21430
5 21440
-5 21450
5 21460
-5 21470
5 21480
-5 21490
5 21500
-5 21510
5 21520
-5 21530
5 21540
-5 21550
5 21560
-5 21570
5 21580
-5 21590
5 21600
-5 21610
5 21620
-5 21630
5 21640
-5 21650
5 21660
-5 21670
5 21680
-5 21690
5 21700
-5 21710
5 21720
-5 21730
5 21740
-5 21750
5 21760
-5 21770
5 21780
-5 21790
5 21800
-5 21810
5 21820
-5 21830
5 21840
-5 21850
5 21860
-5 21870
5 21880
-5 21890
5 21900
-5 21910
5 21920
-5 21930
5 21940
-5 21950
5 21960
-5 21970
5 21980
-5 21990
5 22000
-5 22010
5 22020
-5 22030
5 22040
-5 22050
5 22060
-5 22070
5 22080
-5 22090
5 22100
-5 22110
5 22120
-5 22130
5 22140
-5 22150
5 22160
-5 22170
5 22180
-5 22190
5 22200
-5 22210
5 22220
-5 22230
5 22240
-5 22250
5 22260
-5 22270
5 22280
-5 22290
5 22300
-5 22310
5 22320
-5 22330
5 22340
-5 22350
5 22360
-5 22370
5 22380
-5 22390
5 22400
-5 22410
5 22420
-5 22430
5 22440
-5 22450
5 22460
-5 22470
5 22480
-5 22490
5 22500
-5 22510
5 22520
-5 22530
5 22540
-5 22550
5 22560
-5 22570
5 22580
-5 22590
5 22600
-5 22610
5 22620
-5 22630
5 22640
-5 22650
5 22660
-5 22670
5 22680
-5 22690
5 22700
-5 22710
5 22720
-5 22730
5 22740
-5 22750
5 22760
-5 22770
5 22780
-5 22790
5 22800
-5 22810
5 22820
-5 22830
5 22840
-5 22850
5 22860
-5 22870
5 22880
-5 22890
5 22900
-5 22910
5 22920
-5 22930
5 22940
-5 22950
5 22960
-5 22970
5 22980
-5 22990
5 23000
-5 23010
5 23020
-5 23030
5 23040
-5 23050
5 23060
-5 23070
5 23080
-5 23090
5 23100
-5 23110
5 23120
-5 23130
5 23140
-5 23150
5 23160
-5 23170
5 23180
-5 23190
5 23200
-5 23210
5 23220
-5 23230
5 23240
-5 23250
5 23260
-5 23270
5 23280
-5 23290
5 23300
-5 23310
5 23320
-5 23330
5 23340
-5 23350
5 23360
-5 23370
5 23380
-5 23390
5 23400
-5 23410
5 23420
-5 23430
5 23440
-5 23450
5 23460
-5 23470
5 23480
-5 23490
5 23500
-5 23510
5 23520
-5 23530
5 23540
-5 23550
5 23560
-5 23570
5 23580
-5 23590
5 23600
-5 23610
5 23620
-5 23630
5 23640
-5 23650
5 23660
-5 23670
5 23680
-5 23690
5 23700
-5 23710
5 23720
-5 23730
5 23740
-5 23750
5 23760
-5 23770
5 23780
-5 23790
5 23800
-5 23810
5 23820
-5 23830
5 23840
-5 23850
5 23860
-5 23870
5 23880
-5 23890
5 23900
-5 23910
5 23920
-5 23930
5 23940
-5 23950
5 23960
-5 23970
5 23980
-5 23990
5 24000
-5 24010
5 24020
-5 24030
5 24040
-5 24050
5 24060
-5 24070
5 24080
-5 24090
5 24100
-5 24110
5 24120
-5 24130
5 24140
-5 24150
5 24160
-5 24170
5 24180
-5 24190
5 24200
-5 24210
5 24220
-5 24230
5 24240
-5 24250
5 24260
-5 24270
5 24280
-5 24290
5 24300
-5 24310
5 24320
-5 24330
5 24340
-5 24350
5 24360
-5 24370
5 24380
-5 24390
5 24400
-5 24410
5 24420
-5 24430
5 24440
-5 24450
5 24460
-5 24470
5 24480
-5 24490
5 24500
-5 24510
5 24520
-5 24530
5 24540
-5 24550
5 24560
-5 24570
5 24580
-5 24590
5 24600
-5 24610
5 24620
-5 24630
5 24640
-5 24650
5 24660
-5 24670
5 24680
-5 24690
5 24700
-5 24710
5 24720
-5 24730
5 24740
-5 24750
5 24760
-5 24770
5 24780
-5 24790
5 24800
-5 24810
5 24820
-5 24830
5 24840
-5 24850
5 24860
-5 24870
5 24880
-5 24890
5 24900
-5 24910
5 24920
-5 24930
5 24940
-5 24950
5 24960
-5 24970
5 24980
-5 24990
5 25000
-5 25010
5 25020
-5 25030
5 25040
-5 25050
5 25060
-5 25070
5 25080
-5 25090
5 25100
-5 25110
5 25120
-5 25130
5 25140
-5 25150
5 25160
-5 25170
5 25180
-5 25190
5 25200
-5 25210
5 25220
-5 25230
5 25240
-5 25250
5 25260
-5 25270
5 25280
-5 25290
5 25300
-5 25310
5 25320
-5 25330
5 25340
-5 25350
5 25360
-5 25370
5 25380
-5 25390
5 25400
-5 25410
5 25420
-5 25430
5 25440
-5 25450
5 25460
-5 25470
5 25480
-5 25490
5 25500
-5 25510
5 25520
-5 25530
5 25540
-5 25550
5 25560
-5 25570
5 25580
-5 25590
5 25600
-5 25610
5 25620
-5 25630
5 25640
-5 25650
5 25660
-5 25670
5 25680
-5 25690
5 25700
-5 25710
5 25720
-5 25730
5 25740
-5 25750
5 25760
-5 25770
5 25780
-5 25790
5 25800
-5 25810
5 25820
-5 25830
5 25840
-5 25850
5 25860
-5 25870
5 25880
-5 25890
5 25900
-5 25910
5 25920
-5 25930
5 25940
-5 25950
5 25960
-5 25970
5 25980
-5 25990
5 26000
-5 26010
5 26020
-5 26030
5 26040
-5 26050
5 26060
-5 26070
5 26080
-5 26090
5 26100
-5 26110
5 26120
-5 26130
5 26140
-5 26150
5 26160
-5 26170
5 26180
-5 26190
5 26200
-5 26210
5 26220
-5 26230
5 26240
-5 26250
5 26260
-5 26270
5 26280
-5 26290
5 26300
-5 26310
5 26320
-5 26330
5 26340
-5 26350
5 26360
-5 26370
5 26380
-5 26390
5 26400
-5 26410
5 26420
-5 26430
5 26440
-5 26450
5 26460
-5 26470
5 26480
-5 26490
5 26500
-5 26510
5 26520
-5 26530
5 26540
-5 26550
5 26560
-5 26570
5 26580
-5 26590
5 26600
-5 26610
5 26620
-5 26630
5 26640
-5 26650
5 26660
-5 26670
5 26680
-5 26690
5 26700
-5 26710
5 26720
-5 26730
5 26740
-5 26750
5 26760
-5 26770
5 26780
-5 26790
5 26800
-5 26810
5 26820
-5 26830
5 26840
-5 26850
5 26860
-5 26870
5 26880
-5 26890
5 26900
-5 26910
5 26920
-5 26930
5 26940
-5 26950
5 26960
-5 26970
5 26980
-5 26990
5 27000
-5 27010
5 27020
-5 27030
5 27040
-5 27050
5 27060
-5 27070
5 27080
-5 27090
5 27100
-5 27110
5 27120
-5 27130
5 27140
-5 27150
5 27160
-5 27170
5 27180
-5 27190
5 27200
-5 27210
5 27220
-5 27230
5 27240
-5 27250
5 27260
-5 27270
5 27280
-5 27290
5 27300
-5 27310
5 27320
-5 27330
5 27340
-5 27350
5 27360
-5 27370
5 27380
-5 27390
5 27400
-5 27410
5 27420
-5 27430
5 27440
-5 27450
5 27460
-5 27470
5 27480
-5 27490
5 27500
-5 27510
5 27520
-5 27530
5 27540
-5 27550
5 27560
-5 27570
5 27580
-5 27590
5 27600
-5 27610
5 27620
-5 27630
5 27640
-5 27650
5 27660
-5 27670
5 27680
-5 27690
5 27700
-5 27710
5 27720
-5 27730
5 27740
-5 27750
5 27760
-5 27770
5 27780
-5 27790
5 27800
-5 27810
5 27820
-5 27830
5 27840
-5 27850
5 27860
-5 27870
5 27880
-5 27890
5 27900
-5 27910
5 27920
-5 27930
5 27940
-5 27950
5 27960
-5 27970
5 27980
-5 27990
5 28000
-5 28010
5 28020
-5 28030
5 28040
-5 28050
5 28060
-5 28070
5 28080
-5 28090
5 28100
-5 28110
5 28120
-5 28130
5 28140
-5 28150
5 28160
-5 28170
5 28180
-5 28190
5 28200
-5 28210
5 28220
-5 28230
5 28240
-5 28250
5 28260
-5 28270
5 28280
-5 28290
5 28300
-5 28310
5 28320
-5 28330
5 28340
-5 28350
5 28360
-5 28370
5 28380
-5 28390
5 28400
-5 28410
5 28420
-5 28430
5 28440
-5 28450
5 28460
-5 28470
5 28480
-5 28490
5 28500
-5 28510
5 28520
-5 28530
5 28540
-5 28550
5 28560
-5 28570
5 28580
-5 28590
5 28600
-5 28610
5 28620
-5 28630
5 28640
-5 28650
5 28660
-5 28670
5 28680
-5 28690
5 28700
-5 28710
5 28720
-5 28730
5 28740
-5 28750
5 28760
-5 28770
5 28780
-5 28790
5 28800
-5 28810
5 28820
-5 28830
5 28840
-5 28850
5 28860
-5 28870
5 28880
-5 28890
5 28900
-5 28910
5 28920
-5 28930
5 28940
-5 28950
5 28960
-5 28970
5 28980
-5 28990
5 29000
-5 29010
5 29020
-5 29030
5 29040
-5 29050
5 29060
-5 29070
5 29080
-5 29090
5 29100
-5 29110
5 29120
-5 29130
5 29140
-5 29150
5 29160
-5 29170
5 29180
-5 29190
5 29200
-5 29210
5 29220
-5 29230
5 29240
-5 29250
5 29260
-5 29270
5 29280
-5 29290
5 29300
-5 29310
5 29320
-5 29330
5 29340
-5 29350
5 29360
-5 29370
5 29380
-5 29390
5 29400
-5 29410
5 29420
-5 29430
5 29440
-5 29450
5 29460
-5 29470
5 29480
-5 29490
5 29500
-5 29510
5 29520
-5 29530
5 29540
-5 29550
5 29560
-5 29570
5 29580
-5 29590
5 29600
-5 29610
5 29620
-5 29630
5 29640
-5 29650
5 29660
-5 29670
5 29680
-5 29690
5 29700
-5 29710
5 29720
-5 29730
5 29740
-5 29750
5 29760
-5 29770
5 29780
-5 29790
5 29800
-5 29810
5 29820
-5 29830
5 29840
-5 29850
5 29860
-5 29870
5 29880
-5 29890
5 29900
-5 29910
5 29920
-5 29930
5 29940
-5 29950
5 29960
-5 29970
5 29980
-5 29990
5 30000
-5 30010
5 30020
-5 30030
5 30040
-5 30050
5 30060
-5 30070
5 30080
-5 30090
5 30100
-5 30110
5 30120
-5 30130
5 30140
-5 30150
5 30160
-5 30170
5 30180
-5 30190
5 30200
-5 30210
5 30220
-5 30230
5 30240
-5 30250
5 30260
-5 30270
5 30280
-5 30290
5 30300
-5 30310
5 30320
-5 30330
5 30340
-5 30350
5 30360
-5 30370
5 30380
-5 30390
5 30400
-5 30410
5 30420
-5 30430
5 30440
-5 30450
5 30460
-5 30470
5 30480
-5 30490
5 30500
-5 30510
5 30520
-5 30530
5 30540
-5 30550
5 30560
-5 30570
5 30580
-5 30590
5 30600
-5 30610
5 30620
-5 30630
5 30640
-5 30650
5 30660
-5 30670
5 30680
-5 30690
5 30700
-5 30710
5 30720
-5 30730
5 30740
-5 30750
5 30760
-5 30770
5 30780
-5 30790
5 30800
-5 30810
5 30820
-5 30830
5 30840
-5 30850
5 30860
-5 30870
5 30880
-5 30890
5 30900
-5 30910
5 30920
-5 30930
5 30940
-5 30950
5 30960
-5 30970
5 30980
-5 30990
5 31000
-5 31010
5 31020
-5 31030
5 31040
-5 31050
5 31060
-5 31070
5 31080
-5 31090
5 31100
-5 31110
5 31120
-5 31130
5 31140
-5 31150
5 31160
-5 31170
5 31180
-5 31190
5 31200
-5 31210
5 31220
-5 31230
5 31240
-5 31250
5 31260
-5 31270
5 31280
-5 31290
5 31300
-5 31310
5 31320
-5 31330
5 31340
-5 31350
5 31360
-5 31370
5 31380
-5 31390
5 31400
-5 31410
5 31420
-5 31430
5 31440
-5 31450
5 31460
-5 31470
5 31480
-5 31490
5 31500
-5 31510
5 31520
-5 31530
5 31540
-5 31550
5 31560
-5 31570
5 31580
-5 31590
5 31600
-5 31610
5 31620
-5 31630
5 31640
-5 31650
5 31660
-5 31670
5 31680
-5 31690
5 31700
-5 31710
5 31720
-5 31730
5 31740
-5 31750
5 31760
-5 31770
5 31780
-5 31790
5 31800
-5 31810
5 31820
-5 31830
5 31840
-5 31850
5 31860
-5 31870
5 31880
-5 31890
5 31900
-5 31910
5 31920
-5 31930
5 31940
-5 31950
5 31960
-5 31970
5 31980
-5 31990
5 32000
-5 32010
5 32020
-5 32030
5 32040
-5 32050
5 32060
-5 32070
5 32080
-5 32090
5 32100
-5 32110
5 32120
-5 32130
5 32140
-5 32150
5 32160
-5 32170
5 32180
-5 32190
5 32200
-5 32210
5 32220
-5 32230
5 32240
-5 32250
5 32260
-5 32270
5 32280
-5 32290
5 32300
-5 32310
5 32320
-5 32330
5 32340
-5 32350
5 32360
-5 32370
5 32380
-5 32390
5 32400
-5 32410
5 32420
-5 32430
5 32440
-5 32450
5 32460
-5 32470
5 32480
-5 32490
5 32500
-5 32510
5 32520
-5 32530
5 32540
-5 32550
5 32560
-5 32570
5 32580
-5 32590
5 32600
-5 32610
5 32620
-5 32630
5 32640
-5 32650
5 32660
-5 32670
5 32680
-5 32690
5 32700
-5 32710
5 32720
-5 32730
5 32740
-5 32750
5 32760
-5 32770
5 32780
-5 32790
5 32800
-5 32810
5 32820
-5 32830
5 32840
-5 32850
5 32860
-5 32870
5 32880
-5 32890
5 32900
-5 32910
5 32920
-5 32930
5 32940
-5 32950
5 32960
-5 32970
5 32980
-5 32990
5 33000
-5 33010
5 33020
-5 33030
5 33040
-5 33050
5 33060
-5 33070
5 33080
-5 33090
5 33100
-5 33110
5 33120
-5 33130
5 33140
-5 33150
5 33160
-5 33170
5 33180
-5 33190
5 33200
-5 33210
5 33220
-5 33230
5 33240
-5 33250
5 33260
-5 33270
5 33280
-5 33290
5 33300
-5 33310
5 33320
-5 33330
5 33340
-5 33350
5 33360
-5 33370
5 33380
-5 33390
5 33400
-5 33410
5 33420
-5 33430
5 33440
-5 33450
5 33460
-5 33470
5 33480
-5 33490
5 33500
-5 33510
5 33520
-5 33530
5 33540
-5 33550
5 33560
-5 33570
5 33580
-5 33590
5 33600
-5 33610
5 33620
-5 33630
5 33640
-5 33650
5 33660
-5 33670
5 33680
-5 33690
5 33700
-5 33710
5 33720
-5 33730
5 33740
-5 33750
5 33760
-5 33770
5 33780
-5 33790
5 33800
-5 33810
5 33820
-5 33830
5 33840
-5 33850
5 33860
-5 33870
5 33880
-5 33890
5 33900
-5 33910
5 33920
-5 33930
5 33940
-5 33950
5 33960
-5 33970
5 33980
-5 33990
5 34000
-5 34010
5 34020
-5 34030
5 34040
-5 34050
5 34060
-5 34070
5 34080
-5 34090
5 34100
-5 34110
5 34120
-5 34130
5 34140
-5 34150
5 34160
-5 34170
5 34180
-5 34190
5 34200
-5 34210
5 34220
-5 34230
5 34240
-5 34250
5 34260
-5 34270
5 34280
-5 34290
5 34300
-5 34310
5 34320
-5 34330
5 34340
-5 34350
5 34360
-5 34370
5 34380
-5 34390
5 34400
-5 34410
5 34420
-5 34430
5 34440
-5 34450
5 34460
-5 34470
5 34480
-5 34490
5 34500
-5 34510
5 34520
-5 34530
5 34540
-5 34550
5 34560
-5 34570
5 34580
-5 34590
5 34600
-5 34610
5 34620
-5 34630
5 34640
-5 34650
5 34660
-5 34670
5 34680
-5 34690
5 34700
-5 34710
5 34720
-5 34730
5 34740
-5 34750
5 34760
-5 34770
5 34780
-5 34790
5 34800
-5 34810
5 34820
-5 34830
5 34840
-5 34850
5 34860
-5 34870
5 34880
-5 34890
5 34900
-5 34910
5 34920
-5 34930
5 34940
-5 34950
5 34960
-5 34970
5 34980
-5 34990
5 35000
-5 35010
5 35020
-5 35030
5 35040
-5 35050
5 35060
-5 35070
5 35080
-5 35090
5 35100
-5 35110
5 35120
-5 35130
5 35140
-5 35150
5 35160
-5 35170
5 35180
-5 35190
5 35200
-5 35210
5 35220
-5 35230
5 35240
-5 35250
5 35260
-5 35270
5 35280
-5 35290
5 35300
-5 35310
5 35320
-5 35330
5 35340
-5 35350
5 35360
-5 35370
5 35380
-5 35390
5 35400
-5 35410
5 35420
-5 35430
5 35440
-5 35450
5 35460
-5 35470
5 35480
-5 35490
5 35500
-5 35510
5 35520
-5 35530
5 35540
-5 35550
5 35560
-5 35570
5 35580
-5 35590
5 35600
-5 35610
5 35620
-5 35630
5 35640
-5 35650
5 35660
-5 35670
5 35680
-5 35690
5 35700
-5 35710
5 35720
-5 35730
5 35740
-5 35750
5 35760
-5 35770
5 35780
-5 35790
5 35800
-5 35810
5 35820
-5 35830
5 35840
-5 35850
5 35860
-5 35870
5 35880
-5 35890
5 35900
-5 35910
5 35920
-5 35930
5 35940
-5 35950
5 35960
-5 35970
5 35980
-5 35990
5 36000
-5 36010
5 36020
-5 36030
5 36040
-5 36050
5 36060
-5 36070
5 36080
-5 36090
5 36100
-5 36110
5 36120
-5 36130
5 36140
-5 36150
5 36160
-5 36170
5 36180
-5 36190
5 36200
-5 36210
5 36220
-5 36230
5 36240
-5 36250
5 36260
-5 36270
5 36280
-5 36290
5 36300
-5 36310
5 36320
-5 36330
5 36340
-5 36350
5 36360
-5 36370
5 36380
-5 36390
5 36400
-5 36410
5 36420
-5 36430
5 36440
-5 36450
5 36460
-5 36470
5 36480
-5 36490
5 36500
-5 36510
5 36520
-5 36530
5 36540
-5 36550
5 36560
-5 36570
5 36580
-5 36590
5 36600
-5 36610
5 36620
-5 36630
5 36640
-5 36650
5 36660
-5 36670
5 36680
-5 36690
5 36700
-5 36710
5 36720
-5 36730
5 36740
-5 36750
5 36760
-5 36770
5 36780
-5 36790
5 36800
-5 36810
5 36820
-5 36830
5 36840
-5 36850
5 36860
-5 36870
5 36880
-5 36890
5 36900
-5 36910
5 36920
-5 36930
5 36940
-5 36950
5 36960
-5 36970
5 36980
-5 36990
5 37000
-5 37010
5 37020
-5 37030
5 37040
-5 37050
5 37060
-5 37070
5 37080
-5 37090
5 37100
-5 37110
5 37120
-5 37130
5 37140
-5 37150
5 37160
-5 37170
5 37180
-5 37190
5 37200
-5 37210
5 37220
-5 37230
5 37240
-5 37250
5 37260
-5 37270
5 37280
-5 37290
5 37300
-5 37310
5 37320
-5 37330
5 37340
-5 37350
5 37360
-5 37370
5 37380
-5 37390
5 37400
-5 37410
5 37420
-5 37430
5 37440
-5 37450
5 37460
-5 37470
5 37480
-5 37490
5 37500
-5 37510
5 37520
-5 37530
5 37540
-5 37550
5 37560
-5 37570
5 37580
-5 37590
5 37600
-5 37610
5 37620
-5 37630
5 37640
-5 37650
5 37660
-5 37670
5 37680
-5 37690
5 37700
-5 37710
5 37720
-5 37730
5 37740
-5 37750
5 37760
-5 37770
5 37780
-5 37790
5 37800
-5 37810
5 37820
-5 37830
5 37840
-5 37850
5 37860
-5 37870
5 37880
-5 37890
5 37900
-5 37910
5 37920
-5 37930
5 37940
-5 37950
5 37960
-5 37970
5 37980
-5 37990
5 38000
-5 38010
5 38020
-5 38030
5 38040
-5 38050
5 38060
-5 38070
5 38080
-5 38090
5 38100
-5 38110
5 38120
-5 38130
5 38140
-5 38150
5 38160
-5 38170
5 38180
-5 38190
5 38200
-5 38210
5 38220
-5 38230
5 38240
-5 38250
5 38260
-5 38270
5 38280
-5 38290
5 38300
-5 38310
5 38320
-5 38330
5 38340
-5 38350
5 38360
-5 38370
5 38380
-5 38390
5 38400
-5 38410
5 38420
-5 38430
5 38440
-5 38450
5 38460
-5 38470
5 38480
-5 38490
5 38500
-5 38510
5 38520
-5 38530
5 38540
-5 38550
5 38560
-5 38570
5 38580
-5 38590
5 38600
-5 38610
5 38620
-5 38630
5 38640
-5 38650
5 38660
-5 38670
5 38680
-5 38690
5 38700
-5 38710
5 38720
-5 38730
5 38740
-5 38750
5 38760
-5 38770
5 38780
-5 38790
5 38800
-5 38810
5 38820
-5 38830
5 38840
-5 38850
5 38860
-5 38870
5 38880
-5 38890
5 38900
-5 38910
5 38920
-5 38930
5 38940
-5 38950
5 38960
-5 38970
5 38980
-5 38990
5 39000
-5 39010
5 39020
-5 39030
5 39040
-5 39050
5 39060
-5 39070
5 39080
-5 39090
5 39100
-5 39110
5 39120
-5 39130
5 39140
-5 39150
5 39160
-5 39170
5 39180
-5 39190
5 39200
-5 39210
5 39220
-5 39230
5 39240
-5 39250
5 39260
-5 39270
5 39280
-5 39290
5 39300
-5 39310
5 39320
-5 39330
5 39340
-5 39350
5 39360
-5 39370
5 39380
-5 39390
5 39400
-5 39410
5 39420
-5 39430
5 39440
-5 39450
5 39460
-5 39470
5 39480
-5 39490
5 39500
-5 39510
5 39520
-5 39530
5 39540
-5 39550
5 39560
-5 39570
5 39580
-5 39590
5 39600
-5 39610
5 39620
-5 39630
5 39640
-5 39650
5 39660
-5 39670
5 39680
-5 39690
5 39700
-5 39710
5 39720
-5 39730
5 39740
-5 39750
5 39760
-5 39770
5 39780
-5 39790
5 39800
-5 39810
5 39820
-5 39830
5 39840
-5 39850
5 39860
-5 39870
5 39880
-5 39890
5 39900
-5 39910
5 39920
-5 39930
5 39940
-5 39950
5 39960
-5 39970
5 39980
-5 39990
5 40000
-5 40010
5 40020
-5 40030
5 40040
-5 40050
5 40060
-5 40070
5 40080
-5 40090
5 40100
-5 40110
5 40120
-5 40130
5 40140
-5 40150
5 40160
-5 40170
5 40180
-5 40190
5 40200
-5 40210
5 40220
-5 40230
5 40240
-5 40250
5 40260
-5 40270
5 40280
-5 40290
5 40300
-5 40310
5 40320
-5 40330
5 40340
-5 40350
5 40360
-5 40370
5 40380
-5 40390
5 40400
-5 40410
5 40420
-5 40430
5 40440
-5 40450
5 40460
-5 40470
5 40480
-5 40490
5 40500
-5 40510
5 40520
-5 40530
5 40540
-5 40550
5 40560
-5 40570
5 40580
-5 40590
5 40600
-5 40610
5 40620
-5 40630
5 40640
-5 40650
5 40660
-5 40670
5 40680
-5 40690
5 40700
-5 40710
5 40720
-5 40730
5 40740
-5 40750
5 40760
-5 40770
5 40780
-5 40790
5 40800
-5 40810
5 40820
-5 40830
5 40840
-5 40850
5 40860
-5 40870
5 40880
-5 40890
5 40900
-5 40910
5 40920
-5 40930
5 40940
-5 40950
5 40960
-5 40970
5 40980
-5 40990
5 41000
-5 41010
5 41020
-5 41030
5 41040
-5 41050
5 41060
-5 41070
5 41080
-5 41090
5 41100
-5 41110
5 41120
-5 41130
5 41140
-5 41150
5 41160
-5 41170
5 41180
-5 41190
5 41200
-5 41210
5 41220
-5 41230
5 41240
-5 41250
5 41260
-5 41270
5 41280
-5 41290
5 41300
-5 41310
5 41320
-5 41330
5 41340
-5 41350
5 41360
-5 41370
5 41380
-5 41390
5 41400
-5 41410
5 41420
-5 41430
5 41440
-5 41450
5 41460
-5 41470
5 41480
-5 41490
5 41500
-5 41510
5 41520
-5 41530
5 41540
-5 41550
5 41560
-5 41570
5 41580
-5 41590
5 41600
-5 41610
5 41620
-5 41630
5 41640
-5 41650
5 41660
-5 41670
5 41680
-5 41690
5 41700
-5 41710
5 41720
-5 41730
5 41740
-5 41750
5 41760
-5 41770
5 41780
-5 41790
5 41800
-5 41810
5 41820
-5 41830
5 41840
-5 41850
5 41860
-5 41870
5 41880
-5 41890
5 41900
-5 41910
5 41920
-5 41930
5 41940
-5 41950
5 41960
-5 41970
5 41980
-5 41990
5 42000
-5 42010
5 42020
-5 42030
5 42040
-5 42050
5 42060
-5 42070
5 42080
-5 42090
5 42100
-5 42110
5 42120
-5 42130
5 42140
-5 42150
5 42160
-5 42170
5 42180
-5 42190
5 42200
-5 42210
5 42220
-5 42230
5 42240
-5 42250
5 42260
-5 42270
5 42280
-5 42290
5 42300
-5 42310
5 42320
-5 42330
5 42340
-5 42350
5 42360
-5 42370
5 42380
-5 42390
5 42400
-5 42410
5 42420
-5 42430
5 42440
-5 42450
5 42460
-5 42470
5 42480
-5 42490
5 42500
-5 42510
5 42520
-5 42530
5 42540
-5 42550
5 42560
-5 42570
5 42580
-5 42590
5 42600
-5 42610
5 42620
-5 42630
5 42640
-5 42650
5 42660
-5 42670
5 42680
-5 42690
5 42700
-5 42710
5 42720
-5 42730
5 42740
-5 42750
5 42760
-5 42770
5 42780
-5 42790
5 42800
-5 42810
5 42820
-5 42830
5 42840
-5 42850
5 42860
-5 42870
5 42880
-5 42890
5 42900
-5 42910
5 42920
-5 42930
5 42940
-5 42950
5 42960
-5 42970
5 42980
-5 42990
5 43000
-5 43010
5 43020
-5 43030
5 43040
-5 43050
5 43060
-5 43070
5 43080
-5 43090
5 43100
-5 43110
5 43120
-5 43130
5 43140
-5 43150
5 43160
-5 43170
5 43180
-5 43190
5 43200
-5 43210
5 43220
-5 43230
5 43240
-5 43250
5 43260
-5 43270
5 43280
-5 43290
5 43300
-5 43310
5 43320
-5 43330
5 43340
-5 43350
5 43360
-5 43370
5 43380
-5 43390
5 43400
-5 43410
5 43420
-5 43430
5 43440
-5 43450
5 43460
-5 43470
5 43480
-5 43490
5 43500
-5 43510
5 43520
-5 43530
5 43540
-5 43550
5 43560
-5 43570
5 43580
-5 43590
5 43600
-5 43610
5 43620
-5 43630
5 43640
-5 43650
5 43660
-5 43670
5 43680
-5 43690
5 43700
-5 43710
5 43720
-5 43730
5 43740
-5 43750
5 43760
-5 43770
5 43780
-5 43790
5 43800
-5 43810
5 43820
-5 43830
5 43840
-5 43850
5 43860
-5 43870
5 43880
-5 43890
5 43900
-5 43910
5 43920
-5 43930
5 43940
-5 43950
5 43960
-5 43970
5 43980
-5 43990
5 44000
-5 44010
5 44020
-5 44030
5 44040
-5 44050
5 44060
-5 44070
5 44080
-5 44090
5 44100
-5 44110
5 44120
-5 44130
5 44140
-5 44150
5 44160
-5 44170
5 44180
-5 44190
5 44200
-5 44210
5 44220
-5 44230
5 44240
-5 44250
5 44260
-5 44270
5 44280
-5 44290
5 44300
-5 44310
5 44320
-5 44330
5 44340
-5 44350
5 44360
-5 44370
5 44380
-5 44390
5 44400
-5 44410
5 44420
-5 44430
5 44440
-5 44450
5 44460
-5 44470
5 44480
-5 44490
5 44500
-5 44510
5 44520
-5 44530
5 44540
-5 44550
5 44560
-5 44570
5 44580
-5 44590
5 44600
-5 44610
5 44620
-5 44630
5 44640
-5 44650
5 44660
-5 44670
5 44680
-5 44690
5 44700
-5 44710
5 44720
-5 44730
5 44740
-5 44750
5 44760
-5 44770
5 44780
-5 44790
5 44800
-5 44810
5 44820
-5 44830
5 44840
-5 44850
5 44860
-5 44870
5 44880
-5 44890
5 44900
-5 44910
5 44920
-5 44930
5 44940
-5 44950
5 44960
-5 44970
5 44980
-5 44990
5 45000
-5 45010
5 45020
-5 45030
5 45040
-5 45050
5 45060
-5 45070
5 45080
-5 45090
5 45100
-5 45110
5 45120
-5 45130
5 45140
-5 45150
5 45160
-5 45170
5 45180
-5 45190
5 45200
-5 45210
5 45220
-5 45230
5 45240
-5 45250
5 45260
-5 45270
5 45280
-5 45290
5 45300
-5 45310
5 45320
-5 45330
5 45340
-5 45350
5 45360
-5 45370
5 45380
-5 45390
5 45400
-5 45410
5 45420
-5 45430
5 45440
-5 45450
5 45460
-5 45470
5 45480
-5 45490
5 45500
-5 45510
5 45520
-5 45530
5 45540
-5 45550
5 45560
-5 45570
5 45580
-5 45590
5 45600
-5 45610
5 45620
-5 45630
5 45640
-5 45650
5 45660
-5 45670
5 45680
-5 45690
5 45700
-5 45710
5 45720
-5 45730
5 45740
-5 45750
5 45760
-5 45770
5 45780
-5 45790
5 45800
-5 45810
5 45820
-5 45830
5 45840
-5 45850
5 45860
-5 45870
5 45880
-5 45890
5 45900
-5 45910
5 45920
-5 45930
5 45940
-5 45950
5 45960
-5 45970
5 45980
-5 45990
5 46000
-5 46010
5 46020
-5 46030
5 46040
-5 46050
5 46060
-5 46070
5 46080
-5 46090
5 46100
-5 46110
5 46120
-5 46130
5 46140
-5 46150
5 46160
-5 46170
5 46180
-5 46190
5 46200
-5 46210
5 46220
-5 46230
5 46240
-5 46250
5 46260
-5 46270
5 46280
-5 46290
5 46300
-5 46310
5 46320
-5 46330
5 46340
-5 46350
5 46360
-5 46370
5 46380
-5 46390
5 46400
-5 46410
5 46420
-5 46430
5 46440
-5 46450
5 46460
-5 46470
5 46480
-5 46490
5 46500
-5 46510
5 46520
-5 46530
5 46540
-5 46550
5 46560
-5 46570
5 46580
-5 46590
5 46600
-5 46610
5 46620
-5 46630
5 46640
-5 46650
5 46660
-5 46670
5 46680
-5 46690
5 46700
-5 46710
5 46720
-5 46730
5 46740
-5 46750
5 46760
-5 46770
5 46780
-5 46790
5 46800
-5 46810
5 46820
-5 46830
5 46840
-5 46850
5 46860
-5 46870
5 46880
-5 46890
5 46900
-5 46910
5 46920
-5 46930
5 46940
-5 46950
5 46960
-5 46970
5 46980
-5 46990
5 47000
-5 47010
5 47020
-5 47030
5 47040
-5 47050
5 47060
-5 47070
5 47080
-5 47090
5 47100
-5 47110
5 47120
-5 47130
5 47140
-5 47150
5 47160
-5 47170
5 47180
-5 47190
5 47200
-5 47210
5 47220
-5 47230
5 47240
-5 47250
5 47260
-5 47270
5 47280
-5 47290
5 47300
-5 47310
5 47320
-5 47330
5 47340
-5 47350
5 47360
-5 47370
5 47380
-5 47390
5 47400
-5 47410
5 47420
-5 47430
5 47440
-5 47450
5 47460
-5 47470
5 47480
-5 47490
5 47500
-5 47510
5 47520
-5 47530
5 47540
-5 47550
5 47560
-5 47570
5 47580
-5 47590
5 47600
-5 47610
5 47620
-5 47630
5 47640
-5 47650
5 47660
-5 47670
5 47680
-5 47690
5 47700
-5 47710
5 47720
-5 47730
5 47740
-5 47750
5 47760
-5 47770
5 47780
-5 47790
5 47800
-5 47810
5 47820
-5 47830
5 47840
-5 47850
5 47860
-5 47870
5 47880
-5 47890
5 47900
-5 47910
5 47920
-5 47930
5 47940
-5 47950
5 47960
-5 47970
5 47980
-5 47990
5 48000
-5 48010
5 48020
-5 48030
5 48040
-5 48050
5 48060
-5 48070
5 48080
-5 48090
5 48100
-5 48110
5 48120
-5 48130
5 48140
-5 48150
5 48160
-5 48170
5 48180
-5 48190
5 48200
-5 48210
5 48220
-5 48230
5 48240
-5 48250
5 48260
-5 48270
5 48280
-5 48290
5 48300
-5 48310
5 48320
-5 48330
5 48340
-5 48350
5 48360
-5 48370
5 48380
-5 48390
5 48400
-5 48410
5 48420
-5 48430
5 48440
-5 48450
5 48460
-5 48470
5 48480
-5 48490
5 48500
-5 48510
5 48520
-5 48530
5 48540
-5 48550
5 48560
-5 48570
5 48580
-5 48590
5 48600
-5 48610
5 48620
-5 48630
5 48640
-5 48650
5 48660
-5 48670
5 48680
-5 48690
5 48700
-5 48710
5 48720
-5 48730
5 48740
-5 48750
5 48760
-5 48770
5 48780
-5 48790
5 48800
-5 48810
5 48820
-5 48830
5 48840
-5 48850
5 48860
-5 48870
5 48880
-5 48890
5 48900
-5 48910
5 48920
-5 48930
5 48940
-5 48950
5 48960
-5 48970
5 48980
-5 48990
5 49000
-5 49010
5 49020
-5 49030
5 49040
-5 49050
5 49060
-5 49070
5 49080
-5 49090
5 49100
-5 49110
5 49120
-5 49130
5 49140
-5 49150
5 49160
-5 49170
5 49180
-5 49190
5 49200
-5 49210
5 49220
-5 49230
5 49240
-5 49250
5 49260
-5 49270
5 49280
-5 49290
5 49300
-5 49310
5 49320
-5 49330
5 49340
-5 49350
5 49360
-5 49370
5 49380
-5 49390
5 49400
-5 49410
5 49420
-5 49430
5 49440
-5 49450
5 49460
-5 49470
5 49480
-5 49490
5 49500
-5 49510
5 49520
-5 49530
5 49540
-5 49550
5 49560
-5 49570
5 49580
-5 49590
5 49600
-5 49610
5 49620
-5 49630
5 49640
-5 49650
5 49660
-5 49670
5 49680
-5 49690
5 49700
-5 49710
5 49720
-5 49730
5 49740
-5 49750
5 49760
-5 49770
5 49780
-5 49790
5 49800
-5 49810
5 49820
-5 49830
5 49840
-5 49850
5 49860
-5 49870
5 49880
-5 49890
5 49900
-5 49910
5 49920
-5 49930
5 49940
-5 49950
5 49960
-5 49970
5 49980
-5 49990
5 50000
