457.958651151259 -410.9886511417282
-212.63882997615303 195.53640181051378
-256.71683440609206 -429.19530605976587
-9.285100752429969 -314.6252814278952
-391.1744086799559 394.21024644870613
95.13545509369442 -207.6744483009748
-225.51786308286768 -465.4972342264202
-245.53308531185758 466.1238800842726
287.8494014104482 215.94931534716943
267.3503201467022 269.9935069866402
221.49681774261558 -80.1756016540428
132.4527544543979 432.72001767835604
33.488524498377046 127.37309205505551
-143.60094336264837 -398.1787458230678
495.7091010903614 290.45756684116554
-214.96533959640573 -144.96214342927095
-169.8630563940693 391.5569686459746
219.0394719597133 414.2113528520389
393.04505698386436 360.2881773750529
-1.733779346250401 -244.78131832034111
-332.9398331824451 125.52989064004544
-2.3942470666714826 224.53074217760786
71.72263090372337 -421.54640555124666
427.82591279203973 441.11123383272457
388.79140521693296 375.4346363731519
-8.663311460240891 82.12130749765845
-350.6822394721172 -161.5021291216496
-306.75670687613797 -144.4490200826445
31.667955021775924 36.45425911105383
168.1273240426366 -275.94840482297445
-257.6124945430395 189.0734056927023
-421.5963444210298 -246.6177483085752
-81.78731406673421 -127.17810731176769
-197.80450412191476 322.47491147160713
-276.25626387851133 392.63012071293986
456.4237677997355 28.76647423627935
-385.12032090160454 395.94806399536833
26.984144477601603 5.693187303574575
-349.41789777195095 -121.70146183384946
374.93191106011557 -374.6122323734531
-267.00002580546044 -298.5946561356402
93.68209486257865 -67.30365473565092
120.28472841017026 16.310644804965136
159.16991157010614 -439.5260460086665
-109.43747627158882 -103.91127669730605
-60.16020928788555 -99.09857528899954
-437.39847632168517 -372.33242963276626
-416.0243818523811 470.0404176880654
-159.03290899417522 268.5335195117634
-401.5599786962012 -242.627777687209
236.58566942854145 180.99799325674064
-368.9985552645958 -369.082299956636
66.74729229223726 383.27720697798225
-365.98795966038665 -301.5654726471323
374.7975269116481 -166.2830305956311
446.325355914728 -49.403091702363895
-193.61886020700558 -355.925347621239
-282.216489764019 87.16969032933912
-13.979972091994398 -198.2515225032808
-10.339952766624606 255.6866714568805
-249.7221442242934 97.4468144374556
86.82876146509477 187.27593888615274
292.2332996932928 239.65138036933718
-133.69978962376064 -88.56369613159899
78.14972403749664 383.9664998756034
110.56818853846073 121.77680148252387
483.52486654229585 -270.58040080487666
-121.78348743807186 -476.6013818889298
356.53820223346054 -236.8862334116497
206.4873663646796 307.1616277732585
-180.6170100721135 272.77573125357685
182.4049420830853 45.348859520685664
-83.61054886472328 -118.81834175579911
-55.43710217760923 43.43927107519937
-201.59255198526347 327.23332845008497
293.82371528382293 -83.80403307665165
-11.456463303433736 158.16962526495092
-306.7675183890665 -244.1780602492053
-456.92291743362614 59.23214475342013
-206.51089121232144 -401.63265930319756
-373.81950586268533 281.0016693085249
-330.3671420607167 36.95258318776223
233.58788170709988 -479.36160449015165
-347.7698033493135 -246.03925526586644
104.92722183196781 -400.83062798158454
183.65470941103376 1.4720926150154696
-401.0341792257782 451.1985323303778
113.5625890635473 320.83946181834904
447.5080181237298 321.52504645683257
0.8396575374425197 375.7742324528971
439.8195216412722 -161.0545083731526
-314.3490765711573 379.2045369707279
91.49571255821695 -416.8954860509213
399.7662416164965 304.07533893148207
126.30153230087251 460.55375685932097
-456.72020723717065 -165.11219569389135
-367.9796738030617 65.95377350174977
-468.4109759868532 235.69969239165016
332.33256097291223 62.15250224150316
46.22411243643262 -400.89704623724543
