-68.84582758518067 -739.9009854429918
-68.84582758518067 -736.3880991833698
-68.84582758518067 -735.3496726903882
-68.84582758518067 -734.0527047032751
-68.84582758518067 -726.2816027024409
-68.84582758518067 -724.2944905333009
-68.84582758518067 -714.5411248943929
-68.84582758518067 -710.0145309416965
-68.84582758518067 -700.8192243769104
-68.84582758518067 -695.7282251172005
-68.84582758518067 -694.5903638033142
-68.84582758518067 -691.1795456239341
-68.84582758518067 -690.1657585125863
-68.84582758518067 -684.3047427138783
-68.84582758518067 -681.2025387707241
-68.84582758518067 -678.8598326322934
-68.84582758518067 -670.68132779005
-68.84582758518067 -660.9964496318282
-68.84582758518067 -653.7596795745857
-68.84582758518067 -644.3144981809369
-68.84582758518067 -640.1120115445761
-68.84582758518067 -633.5120707145634
-68.84582758518067 -631.6566056149173
-68.84582758518067 -623.6062997890442
-68.84582758518067 -614.0251237068486
-68.84582758518067 -606.0040419114467
-68.84582758518067 -600.4414582054394
-68.84582758518067 -590.863653972757
-68.84582758518067 -587.5043408560454
-68.84582758518067 -581.0337574535748
-68.84582758518067 -577.1772323375619
-68.84582758518067 -571.1013481732632
-68.84582758518067 -568.3275480282313
-68.84582758518067 -561.1933260433785
-68.84582758518067 -555.8632274649439
-68.84582758518067 -552.1379253230131
-68.84582758518067 -544.6473464040359
-68.84582758518067 -538.880722763215
-68.84582758518067 -533.1828679192768
-68.84582758518067 -528.9098678644718
-68.84582758518067 -521.5077008253842
-68.84582758518067 -520.2965541624255
-68.84582758518067 -515.5003250726829
-68.84582758518067 -510.6985756610437
-68.84582758518067 -509.687915948406
-68.84582758518067 -504.13367447883337
-68.84582758518067 -501.55324710662177
-68.84582758518067 -500.44143383429866
-68.84582758518067 -492.65363036932547
-68.84582758518067 -483.6738365741648
-68.84582758518067 -476.60424500858227
-68.84582758518067 -473.63169293176225
-68.84582758518067 -466.5535270094016
-68.84582758518067 -460.36320984991437
-68.84582758518067 -455.40117150073166
-68.84582758518067 -451.2668857887258
-68.84582758518067 -445.25445225235023
-68.84582758518067 -440.75408284459974
-68.84582758518067 -433.401930792161
-68.84582758518067 -426.7966711192268
-68.84582758518067 -419.5532949015175
-68.84582758518067 -411.8461650505817
-68.84582758518067 -406.27583546190823
-68.84582758518067 -402.10130412238976
-68.84582758518067 -396.20431101447025
-68.84582758518067 -392.06389870700644
-68.84582758518067 -389.87999958312685
-68.84582758518067 -382.76755374668636
-68.84582758518067 -377.6893843318865
-68.84582758518067 -371.4606589117516
-68.84582758518067 -366.4588760332634
-68.84582758518067 -361.90006018912544
-68.84582758518067 -353.53859977202734
-68.84582758518067 -351.51783354915926
-68.84582758518067 -347.12712375108583
-68.84582758518067 -339.13882229191057
-68.84582758518067 -333.1351085066063
-68.84582758518067 -326.56083813167896
-68.84582758518067 -322.1005264482484
-68.84582758518067 -316.1369658496956
-68.84582758518067 -310.9491213657147
-68.84582758518067 -304.81673483904166
-68.84582758518067 -303.2744452183633
-68.84582758518067 -295.05246480037437
-68.84582758518067 -292.6219924987549
-68.84582758518067 -285.0280840709353
-68.84582758518067 -280.9585863276156
-68.84582758518067 -277.4179387871026
-68.84582758518067 -276.2108721932765
-68.84582758518067 -275.04820489660386
-68.84582758518067 -267.0940413876799
-68.84582758518067 -261.0864346875739
-68.84582758518067 -258.75045940732196
-68.84582758518067 -256.03744345146384
-68.84582758518067 -252.46774807393868
-68.84582758518067 -244.93412554149313
-68.84582758518067 -241.84207938343616
-68.84582758518067 -235.8786010115175
-68.84582758518067 -228.3474469789603
-68.84582758518067 -222.57664023751929
-68.84582758518067 -217.99896149428457
-68.84582758518067 -208.63300348256493
-68.84582758518067 -206.3060108051882
-68.84582758518067 -202.58446154356182
-68.84582758518067 -196.4967481303009
-68.84582758518067 -189.51363384445648
-68.84582758518067 -182.1988407655188
-68.84582758518067 -174.945949701037
-68.84582758518067 -172.43569396568526
-68.84582758518067 -163.5110087560179
-68.84582758518067 -156.99166416247127
-68.84582758518067 -150.5423890257363
-68.84582758518067 -145.36096767172904
-68.84582758518067 -136.18552829359734
-68.84582758518067 -128.01096318820703
-68.84582758518067 -123.80374055608702
-68.84582758518067 -113.83423822164296
-68.84582758518067 -106.98418632997002
-68.84582758518067 -104.31054944700725
-68.84582758518067 -95.25693582212816
-68.84582758518067 -90.22720679917613
-68.84582758518067 -87.98425691143157
-68.84582758518067 -86.89941931947837
-68.84582758518067 -77.21085705259487
-68.84582758518067 -74.74970558167001
-68.84582758518067 -66.94789581853914
-68.84582758518067 -59.71138532916647
-68.84582758518067 -53.941917154872634
-68.84582758518067 -52.098087735493856
-68.84582758518067 -46.19137026099925
-68.84582758518067 -41.997945761943896
-68.84582758518067 -39.084624619431494
-68.84582758518067 -31.819364521978503
-68.84582758518067 -26.667917236836246
-68.84582758518067 -21.096939004241975
-68.84582758518067 -18.20355810112538
-68.84582758518067 -12.03327359044275
-68.84582758518067 -2.0529901247937374
-68.84582758518067 1.7327487568609348
-68.84582758518067 4.612235462359309
-68.84582758518067 10.50769642600876
-68.84582758518067 18.849308127233854
-68.84582758518067 26.109310952635813
-68.84582758518067 30.747256858222467
-68.84582758518067 35.87604745510859
-68.84582758518067 42.617581156763244
-68.84582758518067 45.53720138202917
-68.84582758518067 53.3813845036067
-68.84582758518067 57.56790518237096
-68.84582758518067 61.89260429222647
-68.84582758518067 68.17111783368362
-68.84582758518067 71.29451513616065
-68.84582758518067 74.37181048391827
-68.84582758518067 82.82984485916094
-68.84582758518067 86.59215664529572
-68.84582758518067 90.77917845635147
-68.84582758518067 94.95796005368982
-68.84582758518067 103.51668432751487
-68.84582758518067 111.84187909702875
-68.84582758518067 116.37731735180698
-68.84582758518067 124.15313893512302
-68.84582758518067 131.54017001158599
-68.84582758518067 137.24991550300084
-68.84582758518067 144.1072186489934
-68.84582758518067 147.21995286016767
-68.84582758518067 152.64495603425735
-68.84582758518067 160.10177371713178
-68.84582758518067 168.65131608528588
-68.84582758518067 177.12011530427262
-68.84582758518067 179.22791208954223
-68.84582758518067 186.33386461526638
-68.84582758518067 195.70409664091108
-68.84582758518067 203.84884207276014
-68.84582758518067 213.37183401901348
-68.84582758518067 221.9842909671297
-68.84582758518067 230.8289174294257
-68.84582758518067 238.95384097389598
-68.84582758518067 241.33005604987963
-68.84582758518067 244.57541772259356
-68.84582758518067 250.16515067386877
-68.84582758518067 257.9042246223857
-68.84582758518067 265.89138220482545
-68.84582758518067 274.97971345218014
-68.84582758518067 278.96952470765643
-68.84582758518067 287.45489933273547
-68.84582758518067 293.9507716768433
-68.84582758518067 296.54745264175614
-68.84582758518067 303.9688049018501
-68.84582758518067 310.86401452403135
-68.84582758518067 319.33377068475824
-68.84582758518067 323.1186965180266
-68.84582758518067 327.9026326581057
-68.84582758518067 335.1199617887194
-68.84582758518067 343.2243590574502
-68.84582758518067 348.0186654623359
-68.84582758518067 355.01332190684775
-68.84582758518067 364.7202095011998
-68.84582758518067 367.86641555472863
-68.84582758518067 376.94992924273015
-68.84582758518067 385.52921794921707
-68.84582758518067 386.73799097454855
-68.84582758518067 388.06549078624903
-68.84582758518067 396.7271241286861
-68.84582758518067 400.03362381604825
-68.84582758518067 401.4117806145997
-68.84582758518067 404.311982797161
-68.84582758518067 406.4167414017178
-68.84582758518067 416.2933811801569
-68.84582758518067 423.07045840127387
-68.84582758518067 429.5008459064418
-68.84582758518067 430.70847727375013
-68.84582758518067 434.20021568209523
-68.84582758518067 440.7721641646348
-68.84582758518067 444.1201687747455
-68.84582758518067 445.5012442440112
-68.84582758518067 452.3242258452747
-68.84582758518067 458.49578383480576
-68.84582758518067 461.75464048276007
-68.84582758518067 471.48257073331405
-68.84582758518067 475.3865518455807
-68.84582758518067 483.45715573355824
-68.84582758518067 486.8040116181687
-68.84582758518067 496.61919909372136
-68.84582758518067 503.1262800230347
-68.84582758518067 510.12962968933726
-68.84582758518067 516.7898142625023
-68.84582758518067 525.5377196544495
-68.84582758518067 528.5892319713348
-68.84582758518067 531.4490211592879
-68.84582758518067 534.3983510881156
-68.84582758518067 537.779933217715
-68.84582758518067 539.4799628310216
-68.84582758518067 547.8721494195428
-68.84582758518067 552.1390864429255
-68.84582758518067 553.6389595495899
-68.84582758518067 563.5544050716944
-68.84582758518067 571.3487923219566
-68.84582758518067 580.2746932113176
-68.84582758518067 584.9543730660268
-68.84582758518067 591.6729624743953
-68.84582758518067 594.3676237765189
-68.84582758518067 598.4217586475623
-68.84582758518067 604.2362426386819
-68.84582758518067 613.7900027280285
-68.84582758518067 616.7822382384875
-68.84582758518067 622.6302294674937
-68.84582758518067 627.7247847746794
-68.84582758518067 632.2570370311126
-68.84582758518067 635.5606295743569
-68.84582758518067 643.6322868850258
-68.84582758518067 651.2746965456649
-68.84582758518067 654.824684287856
-68.84582758518067 659.4721817370544
-68.84582758518067 661.0719288970408
-68.84582758518067 664.7045232273185
-68.84582758518067 669.730277787362
-68.84582758518067 679.6081272003955
-68.84582758518067 685.9720968504168
-68.84582758518067 687.5453222959703
-68.84582758518067 690.0442177360126
-68.84582758518067 699.2545525642431
-68.84582758518067 700.407740248659
-68.84582758518067 705.4073834742592
-68.84582758518067 711.756894502789
-68.84582758518067 714.0929480960249
-68.84582758518067 719.8859340786578
-68.84582758518067 727.675752650499
-68.84582758518067 730.8610526647882
-68.84582758518067 733.4052561788785
-68.84582758518067 735.0329605308887
-68.84582758518067 737.8493832740912
-68.84582758518067 747.0949949662464
-68.84582758518067 752.5051332154824
-68.84582758518067 758.1537450600026
-68.84582758518067 761.950206676953
-68.84582758518067 764.2864983858586
-68.84582758518067 765.4525435892589
-68.84582758518067 768.1988914046848
-68.84582758518067 777.1207134080156
-68.84582758518067 782.1307908386565
-68.84582758518067 788.7830760408535
-68.84582758518067 794.124807264019
-68.84582758518067 798.3409449629788
-68.84582758518067 803.6771192547707
-68.84582758518067 811.34754571429
-68.84582758518067 821.1771319192936
-68.84582758518067 829.7396030811583
-68.84582758518067 833.3960552091008
-68.84582758518067 834.4090950262627
-68.84582758518067 839.5956155848886
-68.84582758518067 841.9795016636705
-68.84582758518067 843.5004921057418
-68.84582758518067 847.4603380247468
-68.84582758518067 857.1661833194705
-68.84582758518067 865.6803343137608
-68.84582758518067 874.5163627525608
-68.84582758518067 877.570483313027
-68.84582758518067 885.9145015088611
-68.84582758518067 890.40442254181
-68.84582758518067 892.90259414036
-68.84582758518067 898.2150246920979
-68.84582758518067 903.4455454709441
-68.84582758518067 907.6841786637381
-68.84582758518067 917.1887162431454
-68.84582758518067 924.1870040078026
-68.84582758518067 931.031102503652
-68.84582758518067 934.1450939808816
-68.84582758518067 941.2838397554748
-68.84582758518067 944.9386532146573
-68.84582758518067 949.6861634736337
-68.84582758518067 957.9024962308198
-68.84582758518067 964.6980748178881
-68.84582758518067 968.8848958605064
-68.84582758518067 973.8929823881799
-68.84582758518067 979.4303638356878
-68.84582758518067 985.0716574695227
-68.84582758518067 991.6314158383723
-68.84582758518067 997.3037114018957
-68.84582758518067 1004.8569176700076
-68.84582758518067 1014.1989838606804
-68.84582758518067 1020.1739698300435
-68.84582758518067 1022.7564567896198
-68.84582758518067 1025.1536898216787
-68.84582758518067 1032.681144228981
-68.84582758518067 1038.7877685351305
-68.84582758518067 1046.6402588167837
-68.84582758518067 1052.3298218080813
-68.84582758518067 1059.7572476201544
-68.84582758518067 1068.833636359624
-68.84582758518067 1072.0537081743546
-68.84582758518067 1076.0558071893422
-68.84582758518067 1083.2691389671752
-68.84582758518067 1089.5124125313205
-68.84582758518067 1097.9246051334699
-68.84582758518067 1105.8430806446584
-68.84582758518067 1114.383616143315
-68.84582758518067 1117.481053070689
-68.84582758518067 1119.3346868768067
-68.84582758518067 1128.2502926268946
-68.84582758518067 1135.769813360317
-68.84582758518067 1140.235013185419
-68.84582758518067 1146.2639986732083
-68.84582758518067 1151.184491239826
-68.84582758518067 1152.74423105519
-68.84582758518067 1161.1775793725806
-68.84582758518067 1168.0731655481263
-68.84582758518067 1169.3909137565938
-68.84582758518067 1173.1737905670384
-68.84582758518067 1176.0272959794631
-68.84582758518067 1181.3929046061262
-68.84582758518067 1184.9615186818753
-68.84582758518067 1192.6894534598275
-68.84582758518067 1202.4018040060337
-68.84582758518067 1210.8177095410229
-68.84582758518067 1214.630297733035
-68.84582758518067 1224.0416399571657
-68.84582758518067 1226.1958033825038
-68.84582758518067 1228.0356405287948
-68.84582758518067 1232.341605847997
-68.84582758518067 1238.5939788107262
-68.84582758518067 1242.0736013599465
-68.84582758518067 1250.4425709651161
-68.84582758518067 1255.22936860971
-68.84582758518067 1264.1773832726967
-68.84582758518067 1267.3307852811872
-68.84582758518067 1273.9086069823459
-68.84582758518067 1280.0804795024485
-68.84582758518067 1284.8991501479704
-68.84582758518067 1289.27352272493
-68.84582758518067 1299.016537889275
-68.84582758518067 1307.8397102892563
-68.84582758518067 1312.3183431988207
-68.84582758518067 1321.4137333765325
-68.84582758518067 1325.968167462184
-68.84582758518067 1328.8891783289644
-68.84582758518067 1331.4926749105077
-68.84582758518067 1337.5776121320607
-68.84582758518067 1343.392654166965
-68.84582758518067 1349.724728131597
-68.84582758518067 1357.9145845490027
-68.84582758518067 1361.1495446104725
-68.84582758518067 1368.5496268882316
-68.84582758518067 1376.1748434656772
-68.84582758518067 1386.0324499558828
-68.84582758518067 1387.9217517051602
-68.84582758518067 1389.4195379067069
-68.84582758518067 1396.4556401742857
-68.84582758518067 1405.3194640188008
-68.84582758518067 1412.454111790795
-68.84582758518067 1416.7915233862411
-68.84582758518067 1418.6264566873374
-68.84582758518067 1427.1737808341463
-68.84582758518067 1429.9606377817702
-68.84582758518067 1439.0408884126327
-68.84582758518067 1442.9325267443687
-68.84582758518067 1449.6050310193887
-68.84582758518067 1457.8585982159198
-68.84582758518067 1464.744395470629
-68.84582758518067 1472.5776198629812
-68.84582758518067 1479.9094211301685
-68.84582758518067 1489.2614684766206
-68.84582758518067 1490.9842474076
-68.84582758518067 1500.5845396837972
-68.84582758518067 1503.6708250483136
-68.84582758518067 1508.013102625208
-68.84582758518067 1517.3581657426384
-68.84582758518067 1522.7319093531241
-68.84582758518067 1526.9003553599027
-68.84582758518067 1533.4521255842924
-68.84582758518067 1543.2693729449682
-68.84582758518067 1547.2646485893015
-68.84582758518067 1551.7980101766461
-68.84582758518067 1553.0326754311218
-68.84582758518067 1557.4363240985176
-68.84582758518067 1560.527812039864
-68.84582758518067 1564.4836733968878
-68.84582758518067 1573.3256953278762
-68.84582758518067 1580.2931512042132
-68.84582758518067 1585.110166820339
-68.84582758518067 1591.9152121850946
-68.84582758518067 1598.2434710286173
-68.84582758518067 1608.198837155944
-68.84582758518067 1612.860779376443
-68.84582758518067 1615.5839927334364
-68.84582758518067 1622.7706612413388
-68.84582758518067 1631.5328138513335
-68.84582758518067 1638.3652551520458
-68.84582758518067 1641.2343829530648
-68.84582758518067 1647.4398118498932
-68.84582758518067 1657.1647008639636
-68.84582758518067 1660.2432325340744
-68.84582758518067 1669.4626543572351
-68.84582758518067 1676.5093601250624
-68.84582758518067 1680.4804594483728
-68.84582758518067 1689.8903386025597
-68.84582758518067 1693.9512821794278
-68.84582758518067 1703.761226626806
-68.84582758518067 1707.5016225101995
-68.84582758518067 1713.3845725478666
-68.84582758518067 1722.5586354129914
-68.84582758518067 1726.0929736846426
-68.84582758518067 1735.868786845773
-68.84582758518067 1737.5585243693356
-68.84582758518067 1739.9389968960304
-68.84582758518067 1741.3780025241895
-68.84582758518067 1750.4884978457844
-68.84582758518067 1759.4586016495773
-68.84582758518067 1768.7727290983185
-68.84582758518067 1772.0629550842498
-68.84582758518067 1780.3879423534866
-68.84582758518067 1786.9010524888652
-68.84582758518067 1788.1086567189288
-68.84582758518067 1793.9933059045175
-68.84582758518067 1799.7319170883338
-68.84582758518067 1804.5980533601146
-68.84582758518067 1812.4777191063854
-68.84582758518067 1822.091682813137
-68.84582758518067 1827.4796435647434
-68.84582758518067 1829.3852689774058
-68.84582758518067 1834.3654184184802
-68.84582758518067 1837.1924961882657
-68.84582758518067 1838.488774450172
-68.84582758518067 1843.327970685064
-68.84582758518067 1848.664887653415
-68.84582758518067 1852.668473854989
-68.84582758518067 1861.4002267550406
-68.84582758518067 1867.0231573370563
-68.84582758518067 1870.4100747536734
-68.84582758518067 1877.6856956470672
-68.84582758518067 1886.975923517286
-68.84582758518067 1894.3807121531624
-68.84582758518067 1902.8592986136778
-68.84582758518067 1911.8656720995064
-68.84582758518067 1918.316513895988
-68.84582758518067 1921.8896814726875
-68.84582758518067 1927.7364758628269
-68.84582758518067 1932.4454940016167
-68.84582758518067 1933.711356403679
-68.84582758518067 1934.79902590198
-68.84582758518067 1936.7145282347929
-68.84582758518067 1945.7792460122437
-68.84582758518067 1953.922974736514
-68.84582758518067 1956.8992291268073
-68.84582758518067 1965.3669505025903
-68.84582758518067 1968.9045971335806
-68.84582758518067 1974.3402836438186
-68.84582758518067 1981.1037667259138
-68.84582758518067 1984.0904162095499
-68.84582758518067 1990.8844514999782
-68.84582758518067 1995.8182647765989
-68.84582758518067 2000.3224006534224
-68.84582758518067 2009.5206159200332
-68.84582758518067 2011.8746661466732
-68.84582758518067 2020.1854887030254
-68.84582758518067 2029.004932578794
-68.84582758518067 2037.8147461521062
-68.84582758518067 2043.2911978867394
-68.84582758518067 2051.7786857810297
-68.84582758518067 2057.608236094394
-68.84582758518067 2064.9610867747265
-68.84582758518067 2070.8466580494483
-68.84582758518067 2077.2978601766526
-68.84582758518067 2081.055253529986
-68.84582758518067 2087.7542074190005
-68.84582758518067 2095.6170958578937
-68.84582758518067 2104.4683131048737
-68.84582758518067 2105.833686068193
-68.84582758518067 2112.7141982965886
-68.84582758518067 2120.839893812093
-68.84582758518067 2123.8993943032365
-68.84582758518067 2130.3343587186037
-68.84582758518067 2139.528781269245
-68.84582758518067 2146.5688778411104
-68.84582758518067 2152.005387240438
-68.84582758518067 2154.9887696289393
-68.84582758518067 2157.1159415187676
-68.84582758518067 2161.5577538063685
-68.84582758518067 2170.289393919236
-68.84582758518067 2178.8809006963243
-68.84582758518067 2180.2380053605552
-68.84582758518067 2184.6845362705503
-68.84582758518067 2193.3151755719628
-68.84582758518067 2197.1193082896493
-68.84582758518067 2206.3593631629465
-68.84582758518067 2211.5692937936
-68.84582758518067 2214.9501624836557
-68.84582758518067 2217.000349918723
-68.84582758518067 2224.5114773990485
-68.84582758518067 2231.556490897535
-68.84582758518067 2237.6421819175685
-68.84582758518067 2247.429119269664
-68.84582758518067 2253.5326169628242
-68.84582758518067 2259.821474206055
-68.84582758518067 2263.0618750453013
-68.84582758518067 2267.137225120034
-68.84582758518067 2271.460441744864
-68.84582758518067 2280.0394307737743
-68.84582758518067 2288.954304942336
-68.84582758518067 2296.9862445412728
-68.84582758518067 2304.5369187433107
-68.84582758518067 2311.9519813997
-68.84582758518067 2318.0436163749387
-68.84582758518067 2321.630252157059
-68.84582758518067 2323.2527854689756
-68.84582758518067 2325.670074298384
-68.84582758518067 2330.566158635994
-68.84582758518067 2331.6571807557593
-68.84582758518067 2339.5862646649607
-68.84582758518067 2347.33661593194
-68.84582758518067 2353.679167871075
-68.84582758518067 2359.8263276557745
-68.84582758518067 2365.5215511450206
-68.84582758518067 2367.5363368046237
-68.84582758518067 2371.1991169539574
-68.84582758518067 2375.7546694063003
-68.84582758518067 2383.371403116493
-68.84582758518067 2385.1489132659453
-68.84582758518067 2388.4690850858915
-68.84582758518067 2395.2804075645963
-68.84582758518067 2398.5188014817054
-68.84582758518067 2400.540633752999
-68.84582758518067 2407.313259285039
-68.84582758518067 2416.563779787948
-68.84582758518067 2419.877350550553
-68.84582758518067 2428.2691265895987
-68.84582758518067 2434.4577455977546
-68.84582758518067 2444.383158986848
-68.84582758518067 2445.6424320485958
-68.84582758518067 2446.9765637801124
-68.84582758518067 2453.5720406116534
-68.84582758518067 2458.8033898336994
-68.84582758518067 2468.7336670633604
-68.84582758518067 2476.231828319256
-68.84582758518067 2484.588962054942
-68.84582758518067 2493.100587526782
-68.84582758518067 2496.2945893177625
-68.84582758518067 2499.861609972721
-68.84582758518067 2506.795300694018
-68.84582758518067 2513.447856211677
-68.84582758518067 2521.4855371507156
-68.84582758518067 2529.8391364077256
-68.84582758518067 2537.1847608624803
-68.84582758518067 2543.647443345833
-68.84582758518067 2550.6831734186276
-68.84582758518067 2559.58164667746
-68.84582758518067 2564.916380241927
-68.84582758518067 2568.873705046921
-68.84582758518067 2571.651386781481
-68.84582758518067 2576.3888049801944
-68.84582758518067 2580.252600519584
-68.84582758518067 2586.7919602543893
-68.84582758518067 2590.284973766723
-68.84582758518067 2593.5977722695134
-68.84582758518067 2596.126116026953
-68.84582758518067 2601.104190216063
-68.84582758518067 2610.735177783199
-68.84582758518067 2619.285952376386
-68.84582758518067 2625.2114209226415
-68.84582758518067 2631.652498013093
-68.84582758518067 2635.1733086929726
-68.84582758518067 2642.911938796669
-68.84582758518067 2650.6145057075787
-68.84582758518067 2652.2088786544964
-68.84582758518067 2661.086828641127
-68.84582758518067 2662.274934549209
-68.84582758518067 2669.7704893125674
-68.84582758518067 2677.8979201402603
-68.84582758518067 2679.0453220081417
-68.84582758518067 2684.814259356324
-68.84582758518067 2693.7387537832465
-68.84582758518067 2701.625750311192
-68.84582758518067 2710.7216449563807
-68.84582758518067 2712.075147052858
-68.84582758518067 2718.259272221746
-68.84582758518067 2720.1631303833374
-68.84582758518067 2727.0377626997165
-68.84582758518067 2736.956862366767
-68.84582758518067 2744.8913450074765
-68.84582758518067 2746.324516509209
-68.84582758518067 2754.05265120853
-68.84582758518067 2756.7911262950147
-68.84582758518067 2763.4624152893125
-68.84582758518067 2767.9203636159364
-68.84582758518067 2772.204107005957
-68.84582758518067 2780.0289218136513
-68.84582758518067 2781.608968329129
-68.84582758518067 2786.9875584533975
-68.84582758518067 2794.0641826912397
-68.84582758518067 2803.5065256953335
-68.84582758518067 2809.5892433101176
-68.84582758518067 2818.010240648742
-68.84582758518067 2822.9224226084357
-68.84582758518067 2824.4513364105096
-68.84582758518067 2831.2899020720283
-68.84582758518067 2840.314879297285
-68.84582758518067 2850.2580673582215
-68.84582758518067 2852.708567208382
-68.84582758518067 2855.9406480550024
-68.84582758518067 2859.7662231846857
-68.84582758518067 2863.5894134533537
-68.84582758518067 2873.404730045002
-68.84582758518067 2874.9925196224526
-68.84582758518067 2881.0265867132457
-68.84582758518067 2884.769055507738
-68.84582758518067 2888.7856834067884
-68.84582758518067 2898.001925603558
-68.84582758518067 2903.3229192913004
-68.84582758518067 2904.344491286806
-68.84582758518067 2913.3868703675575
-68.84582758518067 2917.692805145894
-68.84582758518067 2923.9073054841297
-68.84582758518067 2930.7218288927074
-68.84582758518067 2939.479438771186
-68.84582758518067 2947.3937793142536
-68.84582758518067 2951.781972517139
-68.84582758518067 2953.282773482663
-68.84582758518067 2955.745542989027
-68.84582758518067 2960.52151660681
-68.84582758518067 2965.4154356672766
-68.84582758518067 2967.6183412479095
-68.84582758518067 2975.4044059979888
-68.84582758518067 2978.6055623418533
-68.84582758518067 2984.891287297244
-68.84582758518067 2987.8192740738596
-68.84582758518067 2994.70928110071
-68.84582758518067 3003.63328160849
-68.84582758518067 3009.6427981280744
-68.84582758518067 3016.121881978131
-68.84582758518067 3020.7904682014673
-68.84582758518067 3026.6278028798683
-68.84582758518067 3032.1859931108193
-68.84582758518067 3040.709820513303
-68.84582758518067 3043.251063060545
-68.84582758518067 3044.3011142208334
-68.84582758518067 3045.982159753068
-68.84582758518067 3053.8758252375483
-68.84582758518067 3055.8917134621884
-68.84582758518067 3065.1453764121056
-68.84582758518067 3066.938032545325
-68.84582758518067 3068.249230878927
-68.84582758518067 3069.732954916321
-68.84582758518067 3078.263986348193
-68.84582758518067 3079.4903533337365
-68.84582758518067 3085.456736117943
-68.84582758518067 3090.076369073891
-68.84582758518067 3094.8960415753845
-68.84582758518067 3103.2865321982968
-68.84582758518067 3104.97187256237
-68.84582758518067 3106.4521481382662
-68.84582758518067 3107.7148030949993
-68.84582758518067 3113.8779317469152
-68.84582758518067 3122.0243752937545
-68.84582758518067 3129.3733024204316
-68.84582758518067 3135.7506466022505
-68.84582758518067 3145.7479514610677
-68.84582758518067 3149.4675364160207
-68.84582758518067 3157.870968355066
-68.84582758518067 3159.4884401544964
-68.84582758518067 3163.705759482699
-68.84582758518067 3172.0737493854494
-68.84582758518067 3175.8394368466693
-68.84582758518067 3181.5667215890753
-68.84582758518067 3185.304387528654
-68.84582758518067 3193.2886314790157
-68.84582758518067 3201.546405790738
-68.84582758518067 3205.210767156449
-68.84582758518067 3207.89107355385
-68.84582758518067 3216.5640116168324
-68.84582758518067 3225.360599017725
-68.84582758518067 3232.515217586501
-68.84582758518067 3237.2760395365717
-68.84582758518067 3238.893947115485
-68.84582758518067 3244.883249943568
-68.84582758518067 3252.074256133228
-68.84582758518067 3259.95164909336
-68.84582758518067 3265.953341415017
-68.84582758518067 3275.553702037639
-68.84582758518067 3277.253455441911
-68.84582758518067 3283.454561438414
-68.84582758518067 3292.761994443444
-68.84582758518067 3294.2318396650867
-68.84582758518067 3301.4697028888972
-68.84582758518067 3310.318706874726
-68.84582758518067 3314.2537723816176
-68.84582758518067 3321.038818177592
-68.84582758518067 3325.9301732651397
-68.84582758518067 3333.253683214385
-68.84582758518067 3339.6322926880366
-68.84582758518067 3340.892049158054
-68.84582758518067 3348.898702680397
-68.84582758518067 3351.662272755346
-68.84582758518067 3355.7297490299943
-68.84582758518067 3361.3650500515473
-68.84582758518067 3368.442728947028
-68.84582758518067 3370.4787617920874
-68.84582758518067 3373.1340254656384
-68.84582758518067 3378.712994041453
-68.84582758518067 3386.381780504238
-68.84582758518067 3392.608855382358
-68.84582758518067 3401.5719304641266
-68.84582758518067 3405.0444055992552
-68.84582758518067 3406.7174655555973
-68.84582758518067 3412.3257248378986
-68.84582758518067 3420.1897512924734
-68.84582758518067 3421.864007755646
-68.84582758518067 3429.0961518173212
-68.84582758518067 3434.301924333499
-68.84582758518067 3443.918270902079
-68.84582758518067 3449.323294417754
-68.84582758518067 3456.1299592974883
-68.84582758518067 3463.2354604115367
-68.84582758518067 3471.0417435481245
-68.84582758518067 3476.93425067228
-68.84582758518067 3482.226233013183
-68.84582758518067 3490.6869905630033
-68.84582758518067 3496.409142427028
-68.84582758518067 3504.7378325123577
-68.84582758518067 3506.2912393176193
-68.84582758518067 3508.989745373484
-68.84582758518067 3511.0464717973487
-68.84582758518067 3519.3038261713014
-68.84582758518067 3521.648044230039
-68.84582758518067 3529.177227509638
-68.84582758518067 3532.327088745126
-68.84582758518067 3538.8930269119214
-68.84582758518067 3547.2898772349104
-68.84582758518067 3550.8397704119584
-68.84582758518067 3551.9760411234893
-68.84582758518067 3556.0727691300494
-68.84582758518067 3558.0141333010693
-68.84582758518067 3566.4047693292905
-68.84582758518067 3571.7887301396536
-68.84582758518067 3577.556896946427
-68.84582758518067 3583.8155115298314
-68.84582758518067 3585.8200280945202
-68.84582758518067 3595.0743758784024
-68.84582758518067 3598.481976310771
-68.84582758518067 3608.4453126623234
-68.84582758518067 3614.0072229149096
-68.84582758518067 3615.5284060779854
-68.84582758518067 3624.5137308535323
-68.84582758518067 3632.919409716833
-68.84582758518067 3639.0505551835163
-68.84582758518067 3647.048890008275
-68.84582758518067 3652.9077529896263
-68.84582758518067 3662.093782127882
-68.84582758518067 3669.502162010243
-68.84582758518067 3676.179785894392
-68.84582758518067 3686.0637877949503
-68.84582758518067 3692.594709331987
-68.84582758518067 3700.9347138710314
-68.84582758518067 3702.356127498039
-68.84582758518067 3706.786993733733
-68.84582758518067 3714.063026263649
-68.84582758518067 3719.8837630992202
-68.84582758518067 3726.7240259363593
-68.84582758518067 3734.474841719751
-68.84582758518067 3738.886468286466
-68.84582758518067 3745.6344687947108
-68.84582758518067 3750.338180368506
-68.84582758518067 3751.8000858687114
-68.84582758518067 3755.2037341267346
-68.84582758518067 3762.730728200727
-68.84582758518067 3767.424729607322
-68.84582758518067 3772.9533126004762
-68.84582758518067 3774.0540571469705
-68.84582758518067 3775.3898873296052
-68.84582758518067 3779.8179057812276
-68.84582758518067 3788.139032590618
-68.84582758518067 3794.10459757287
-68.84582758518067 3803.0118203492957
-68.84582758518067 3812.038686586693
-68.84582758518067 3813.9354807397167
-68.84582758518067 3816.926356081694
-68.84582758518067 3822.6065556479484
-68.84582758518067 3823.6336139525447
-68.84582758518067 3825.517079593371
-68.84582758518067 3831.77099968895
-68.84582758518067 3833.63387193238
-68.84582758518067 3838.7027593552243
-68.84582758518067 3844.9705559078743
-68.84582758518067 3850.2076954019594
-68.84582758518067 3856.9825295401874
-68.84582758518067 3861.995544164812
-68.84582758518067 3865.711215332256
-68.84582758518067 3871.4987421765773
-68.84582758518067 3874.016496406155
-68.84582758518067 3875.299043738081
-68.84582758518067 3877.1988293854047
-68.84582758518067 3882.963229448478
-68.84582758518067 3888.164770545224
-68.84582758518067 3897.3912086952146
-68.84582758518067 3904.8233696478887
-68.84582758518067 3912.7769873134453
-68.84582758518067 3919.5638150945165
-68.84582758518067 3924.5276840247193
-68.84582758518067 3925.8424962592035
-68.84582758518067 3931.064210707103
-68.84582758518067 3939.9224177060705
-68.84582758518067 3943.635983436508
-68.84582758518067 3948.822087711231
-68.84582758518067 3956.1792863910905
-68.84582758518067 3961.910182823768
-68.84582758518067 3965.88273975973
-68.84582758518067 3973.5714023541473
-68.84582758518067 3978.6038361235273
-68.84582758518067 3981.1215967698317
-68.84582758518067 3982.3590985972255
-68.84582758518067 3986.536103985633
-68.84582758518067 3988.9057777161815
-68.84582758518067 3996.5934965502856
-68.84582758518067 4002.380263256375
-68.84582758518067 4009.0502872553316
-68.84582758518067 4010.968778446831
-68.84582758518067 4013.104527728043
-68.84582758518067 4014.7831308430505
-68.84582758518067 4021.0115146398543
-68.84582758518067 4023.760245324069
-68.84582758518067 4028.2200447608584
-68.84582758518067 4036.733090848591
-68.84582758518067 4040.17782315567
-68.84582758518067 4042.3149793830303
-68.84582758518067 4052.2569375115404
-68.84582758518067 4059.8310329799647
-68.84582758518067 4062.8122304869594
-68.84582758518067 4069.6024037583443
-68.84582758518067 4079.0435574954386
-68.84582758518067 4087.8896763661205
-68.84582758518067 4096.070604113923
-68.84582758518067 4101.329027695401
-68.84582758518067 4102.566651255438
-68.84582758518067 4106.254181039898
-68.84582758518067 4111.277099608154
-68.84582758518067 4113.456060382548
-68.84582758518067 4122.357148807181
-68.84582758518067 4128.724590059901
-68.84582758518067 4129.806308078643
-68.84582758518067 4137.709458389179
-68.84582758518067 4141.475169371598
-68.84582758518067 4148.12400871708
-68.84582758518067 4156.267612640648
-68.84582758518067 4158.006517173203
-68.84582758518067 4162.786128982754
-68.84582758518067 4165.940443659715
-68.84582758518067 4171.557743997586
-68.84582758518067 4176.500915129944
-68.84582758518067 4180.815136952519
-68.84582758518067 4188.40033872853
-68.84582758518067 4190.392235189937
-68.84582758518067 4199.159032521386
-68.84582758518067 4202.767885801816
-68.84582758518067 4208.809528480742
-68.84582758518067 4210.592456585462
-68.84582758518067 4217.011649032768
-68.84582758518067 4219.8336956980875
-68.84582758518067 4224.003543314278
-68.84582758518067 4228.06382491606
-68.84582758518067 4232.410963898143
-68.84582758518067 4234.967830475089
-68.84582758518067 4244.812305907363
-68.84582758518067 4253.237817587392
-68.84582758518067 4262.969435071356
-68.84582758518067 4269.107907090657
-68.84582758518067 4273.189896970672
-68.84582758518067 4277.370098725884
-68.84582758518067 4284.651297201172
-68.84582758518067 4288.767295901808
-68.84582758518067 4293.76253734432
-68.84582758518067 4302.915197903884
-68.84582758518067 4312.618661932196
-68.84582758518067 4315.345277033046
-68.84582758518067 4322.1588749441735
-68.84582758518067 4329.584795730811
-68.84582758518067 4336.2419288610145
-68.84582758518067 4338.933315531326
-68.84582758518067 4341.721299703718
-68.84582758518067 4345.527383210298
-68.84582758518067 4348.434122477203
-68.84582758518067 4356.041176892278
-68.84582758518067 4361.939916105528
-68.84582758518067 4370.986793512601
-68.84582758518067 4372.272008138152
-68.84582758518067 4376.887180308413
-68.84582758518067 4378.085659349605
-68.84582758518067 4387.346833265113
-68.84582758518067 4397.114982857403
-68.84582758518067 4405.0553271772005
-68.84582758518067 4414.727411006265
-68.84582758518067 4422.422836097469
-68.84582758518067 4431.152962579303
-68.84582758518067 4440.625035851512
-68.84582758518067 4447.471426144767
-68.84582758518067 4453.38403442681
-68.84582758518067 4455.438891845324
-68.84582758518067 4456.633248542686
-68.84582758518067 4459.373427827099
-68.84582758518067 4467.006489221789
-68.84582758518067 4472.8528150760985
-68.84582758518067 4482.114907725331
-68.84582758518067 4491.704056792443
-68.84582758518067 4493.0308021669125
-68.84582758518067 4500.625484976759
-68.84582758518067 4505.425968380784
-68.84582758518067 4512.166565390059
-68.84582758518067 4521.783571149485
-68.84582758518067 4528.351346136171
-68.84582758518067 4536.107690371819
-68.84582758518067 4544.113149579476
-68.84582758518067 4553.6477731531095
-68.84582758518067 4555.424076946839
-68.84582758518067 4563.3866626365225
-68.84582758518067 4566.772357339317
-68.84582758518067 4573.4376033102335
-68.84582758518067 4579.429971877236
-68.84582758518067 4584.741575181119
-68.84582758518067 4588.832945656182
-68.84582758518067 4591.692374584806
-68.84582758518067 4597.9489803023325
-68.84582758518067 4606.503380948758
-68.84582758518067 4613.827818359126
-68.84582758518067 4619.498784137823
-68.84582758518067 4625.102899888237
-68.84582758518067 4627.008995449326
-68.84582758518067 4636.758355092204
-68.84582758518067 4640.323252426741
-68.84582758518067 4647.872805213334
-68.84582758518067 4649.913593368376
-68.84582758518067 4651.8555201643085
-68.84582758518067 4655.066763458856
-68.84582758518067 4664.784132394561
-68.84582758518067 4668.34221534385
-68.84582758518067 4672.908395589101
-68.84582758518067 4682.882454272283
-68.84582758518067 4687.443716266142
-68.84582758518067 4692.872088975746
-68.84582758518067 4698.757921627806
-68.84582758518067 4703.705669527434
-68.84582758518067 4709.549315325755
-68.84582758518067 4715.009158828184
-68.84582758518067 4724.605436780059
-68.84582758518067 4728.144395352435
-68.84582758518067 4734.821277032472
-68.84582758518067 4743.937464342298
-68.84582758518067 4745.181923590187
-68.84582758518067 4754.021687172068
-68.84582758518067 4757.063880272643
-68.84582758518067 4766.725713302405
-68.84582758518067 4769.515028489434
-68.84582758518067 4777.382747732313
-68.84582758518067 4785.0563637768555
-68.84582758518067 4791.141325056617
-68.84582758518067 4794.9527301627095
-68.84582758518067 4802.275100860483
-68.84582758518067 4804.1513895982025
-68.84582758518067 4810.92928380609
-68.84582758518067 4818.159762949439
-68.84582758518067 4820.997968051701
-68.84582758518067 4825.77180813624
-68.84582758518067 4833.011924697935
-68.84582758518067 4842.316923056436
-68.84582758518067 4851.0083489088975
-68.84582758518067 4858.816603783263
-68.84582758518067 4863.570569447095
-68.84582758518067 4869.195421338437
-68.84582758518067 4874.864733021815
-68.84582758518067 4879.317697334033
-68.84582758518067 4887.38984356914
-68.84582758518067 4894.768401179744
-68.84582758518067 4903.075666685543
-68.84582758518067 4904.8373740665
-68.84582758518067 4910.760884197974
-68.84582758518067 4915.616746011455
-68.84582758518067 4920.014527402195
-68.84582758518067 4924.090820743031
-68.84582758518067 4932.219516376836
-68.84582758518067 4940.57916082558
-68.84582758518067 4945.655292265772
-68.84582758518067 4952.630357345719
-68.84582758518067 4956.112764488858
-68.84582758518067 4965.951212154122
-68.84582758518067 4974.774870028579
-68.84582758518067 4976.044982426671
-68.84582758518067 4983.87086731414
-68.84582758518067 4985.812321810107
-68.84582758518067 4994.772311210812
-68.84582758518067 5003.222274773474
-68.84582758518067 5010.667651454775
-68.84582758518067 5020.397001660701
-68.84582758518067 5025.720896252947
-68.84582758518067 5035.521628214784
-68.84582758518067 5043.985631512635
-68.84582758518067 5051.9497706506
-68.84582758518067 5061.490152278771
-68.84582758518067 5062.507125877403
-68.84582758518067 5072.194691853735
-68.84582758518067 5079.181233169877
-68.84582758518067 5084.399933469842
-68.84582758518067 5089.011584236956
-68.84582758518067 5093.388894197291
-68.84582758518067 5102.358873134331
-68.84582758518067 5107.354863728798
-68.84582758518067 5116.216921228986
-68.84582758518067 5125.408867218481
-68.84582758518067 5127.907707028685
-68.84582758518067 5134.948445164473
-68.84582758518067 5143.534310463237
-68.84582758518067 5149.694533528582
-68.84582758518067 5159.340272115384
-68.84582758518067 5165.537538747184
-68.84582758518067 5173.5550441848845
-68.84582758518067 5181.587529237383
-68.84582758518067 5191.354435877676
-68.84582758518067 5194.790887271504
-68.84582758518067 5201.104428419045
-68.84582758518067 5210.214367535667
-68.84582758518067 5219.943873313991
-68.84582758518067 5225.050472777369
-68.84582758518067 5227.8169724029185
-68.84582758518067 5237.552516512876
-68.84582758518067 5240.846937513473
-68.84582758518067 5247.124917210701
-68.84582758518067 5256.493755173271
-68.84582758518067 5262.482617725683
-68.84582758518067 5267.242235730279
-68.84582758518067 5268.761671230289
-68.84582758518067 5276.801788435795
-68.84582758518067 5284.742111855191
-68.84582758518067 5289.026807996015
-68.84582758518067 5293.140605035987
-68.84582758518067 5296.925895455804
-68.84582758518067 5300.82001181666
-68.84582758518067 5305.490456293196
-68.84582758518067 5311.195729435901
-68.84582758518067 5320.937963158388
-68.84582758518067 5325.477457395907
-68.84582758518067 5329.6923397760775
-68.84582758518067 5335.291347378329
-68.84582758518067 5340.373638674559
-68.84582758518067 5345.973121690493
-68.84582758518067 5353.473893449989
-68.84582758518067 5356.236838828216
-68.84582758518067 5363.435055984804
-68.84582758518067 5366.779618955128
-68.84582758518067 5368.205314767444
-68.84582758518067 5369.5352865554505
-68.84582758518067 5376.897646950279
-68.84582758518067 5384.89123717831
-68.84582758518067 5390.724646108652
-68.84582758518067 5400.0676028596035
-68.84582758518067 5401.518166409033
-68.84582758518067 5411.092660393918
-68.84582758518067 5416.283090038374
-68.84582758518067 5422.477562716264
-68.84582758518067 5427.609211183921
-68.84582758518067 5434.813121453148
-68.84582758518067 5443.55053307023
-68.84582758518067 5447.781140945186
-68.84582758518067 5455.040350459816
-68.84582758518067 5460.071666031462
-68.84582758518067 5467.251041607474
-68.84582758518067 5476.957282709568
-68.84582758518067 5480.276431390667
-68.84582758518067 5482.704982501048
-68.84582758518067 5489.323889847848
-68.84582758518067 5493.758529330644
-68.84582758518067 5499.482759310035
-68.84582758518067 5504.369784876764
-68.84582758518067 5506.824324412867
-68.84582758518067 5508.452014303885
-68.84582758518067 5517.317191661972
-68.84582758518067 5519.091815294032
-68.84582758518067 5528.008290254482
-68.84582758518067 5533.482249109646
-68.84582758518067 5541.529986220843
-68.84582758518067 5545.905043742869
-68.84582758518067 5549.3563262401485
-68.84582758518067 5556.814453898499
-68.84582758518067 5562.722580965059
-68.84582758518067 5571.327087115006
-68.84582758518067 5578.819423636027
-68.84582758518067 5587.342527880724
-68.84582758518067 5593.426759834614
-68.84582758518067 5595.933600596103
-68.84582758518067 5602.616774471163
-68.84582758518067 5607.001528249029
-68.84582758518067 5613.543655952145
-68.84582758518067 5614.866181625377
-68.84582758518067 5621.762501227441
-68.84582758518067 5626.496497263226
-68.84582758518067 5630.559994478346
-68.84582758518067 5638.842637584737
-68.84582758518067 5641.588523125918
-68.84582758518067 5650.687224216047
-68.84582758518067 5657.589005978854
-68.84582758518067 5663.707123704314
-68.84582758518067 5672.891697591695
-68.84582758518067 5676.880031849593
-68.84582758518067 5681.968724959736
-68.84582758518067 5683.699326192396
-68.84582758518067 5686.509013656793
-68.84582758518067 5695.370822315722
-68.84582758518067 5699.195600564697
-68.84582758518067 5702.732136033762
-68.84582758518067 5703.765500301809
-68.84582758518067 5710.652616312069
-68.84582758518067 5716.475518371495
-68.84582758518067 5723.762345586083
-68.84582758518067 5725.902968604534
-68.84582758518067 5730.287504941991
-68.84582758518067 5734.846166583533
-68.84582758518067 5737.270252230989
-68.84582758518067 5739.889563182326
-68.84582758518067 5747.3401936102155
-68.84582758518067 5755.81338737579
-68.84582758518067 5758.616582269332
-68.84582758518067 5762.509891840511
-68.84582758518067 5772.372258056321
-68.84582758518067 5781.560204098737
-68.84582758518067 5782.716116531617
-68.84582758518067 5788.428701569405
-68.84582758518067 5796.909672012382
-68.84582758518067 5805.368009113144
-68.84582758518067 5812.51082235425
-68.84582758518067 5821.214218879785
-68.84582758518067 5824.086480508989
-68.84582758518067 5828.374220314752
-68.84582758518067 5834.1193241920055
-68.84582758518067 5840.204066265928
-68.84582758518067 5847.030742212118
-68.84582758518067 5855.838876076651
-68.84582758518067 5865.201020200041
-68.84582758518067 5868.674048980441
-68.84582758518067 5872.6362014671995
-68.84582758518067 5882.102254114388
-68.84582758518067 5891.014277517992
-68.84582758518067 5895.173237548399
-68.84582758518067 5904.357413020626
-68.84582758518067 5905.566949394531
-68.84582758518067 5908.532700103936
-68.84582758518067 5910.982009150028
-68.84582758518067 5919.420326199558
-68.84582758518067 5924.752751160993
-68.84582758518067 5929.267236484519
-68.84582758518067 5935.868464196924
-68.84582758518067 5938.225442827316
-68.84582758518067 5946.049251691658
-68.84582758518067 5951.913803991995
-68.84582758518067 5956.240984074786
-68.84582758518067 5963.384696052477
-68.84582758518067 5966.491886704558
-68.84582758518067 5973.098533392961
-68.84582758518067 5982.6293365237025
-68.84582758518067 5986.56011368501
-68.84582758518067 5992.802186226869
-68.84582758518067 5994.594429006843
-68.84582758518067 6003.339981608298
-68.84582758518067 6006.606430448842
-68.84582758518067 6013.4062414399095
-68.84582758518067 6023.151101038678
-68.84582758518067 6029.5616765062
-68.84582758518067 6032.358303291554
-68.84582758518067 6036.039838770136
-68.84582758518067 6037.690623223776
-68.84582758518067 6045.893184866544
-68.84582758518067 6049.733692364185
-68.84582758518067 6052.876758882224
-68.84582758518067 6057.918931299297
-68.84582758518067 6062.464738359169
-68.84582758518067 6066.816988488901
-68.84582758518067 6072.301208357536
-68.84582758518067 6075.845145273456
-68.84582758518067 6078.947070804296
-68.84582758518067 6085.103337115893
-68.84582758518067 6087.033245743011
-68.84582758518067 6093.342618812293
-68.84582758518067 6100.08527262055
-68.84582758518067 6104.290978367527
-68.84582758518067 6112.760413937982
-68.84582758518067 6115.435335562454
-68.84582758518067 6120.038459118564
-68.84582758518067 6126.633915981367
-68.84582758518067 6131.746452193097
-68.84582758518067 6134.918604289825
-68.84582758518067 6143.805704155858
-68.84582758518067 6150.657375124467
-68.84582758518067 6159.786898178766
-68.84582758518067 6168.876739121867
-68.84582758518067 6173.386367329424
-68.84582758518067 6181.894820868469
-68.84582758518067 6184.931456266795
-68.84582758518067 6193.8871368931
-68.84582758518067 6198.773041033044
-68.84582758518067 6201.532931707973
-68.84582758518067 6203.3868160286775
-68.84582758518067 6206.860887460623
-68.84582758518067 6214.376862132657
-68.84582758518067 6219.70838439017
-68.84582758518067 6222.237905851215
-68.84582758518067 6223.950978605156
-68.84582758518067 6229.429456198394
-68.84582758518067 6233.540734029284
-68.84582758518067 6237.602964890383
-68.84582758518067 6242.128797104431
-68.84582758518067 6249.152510614858
-68.84582758518067 6255.558650315631
-68.84582758518067 6265.160312553449
-68.84582758518067 6274.953947562985
-68.84582758518067 6276.11938161669
-68.84582758518067 6278.900409970877
-68.84582758518067 6280.497702035217
-68.84582758518067 6283.4796073430425
-68.84582758518067 6292.302980027962
-68.84582758518067 6300.003220357637
-68.84582758518067 6309.593160239891
-68.84582758518067 6317.174253988069
-68.84582758518067 6325.239196476268
-68.84582758518067 6331.6405405665555
-68.84582758518067 6341.164107629101
-68.84582758518067 6342.203691130476
-68.84582758518067 6348.188563635677
-68.84582758518067 6357.750077558142
-68.84582758518067 6367.3317593991505
-68.84582758518067 6373.060112909355
-68.84582758518067 6374.299336366739
-68.84582758518067 6382.2148680042965
-68.84582758518067 6384.2483896598205
-68.84582758518067 6391.689400562918
-68.84582758518067 6397.788472174588
-68.84582758518067 6406.487241919474
-68.84582758518067 6414.701322498177
-68.84582758518067 6419.521437765779
-68.84582758518067 6424.969599564473
-68.84582758518067 6433.533207536895
-68.84582758518067 6437.435213167873
-68.84582758518067 6439.14622585815
-68.84582758518067 6443.8469975779235
-68.84582758518067 6448.8527029673405
-68.84582758518067 6458.815472282619
-68.84582758518067 6463.118331443394
-68.84582758518067 6470.494687950003
-68.84582758518067 6475.253902499411
-68.84582758518067 6485.127450406729
-68.84582758518067 6492.190360165037
-68.84582758518067 6499.131734400072
-68.84582758518067 6508.9416016783225
-68.84582758518067 6515.389085620967
-68.84582758518067 6522.817737132302
-68.84582758518067 6525.561170132474
-68.84582758518067 6527.212504182623
-68.84582758518067 6535.1073871844665
-68.84582758518067 6543.287687309737
-68.84582758518067 6545.933857495882
-68.84582758518067 6550.745349845315
-68.84582758518067 6555.278682028737
-68.84582758518067 6562.60665338693
-68.84582758518067 6570.748447652646
-68.84582758518067 6580.663011853213
-68.84582758518067 6587.056158079599
-68.84582758518067 6595.588207292059
-68.84582758518067 6598.977036606408
-68.84582758518067 6606.571040276677
-68.84582758518067 6609.745838625932
-68.84582758518067 6619.604030407827
-68.84582758518067 6621.558749957516
-68.84582758518067 6626.8936171528985
-68.84582758518067 6631.341303256905
-68.84582758518067 6640.754456764414
-68.84582758518067 6649.807575758341
-68.84582758518067 6659.114143203352
-68.84582758518067 6666.964915810325
-68.84582758518067 6673.648135532396
-68.84582758518067 6676.639557312275
-68.84582758518067 6680.326279149812
-68.84582758518067 6683.178437792137
-68.84582758518067 6690.411765692738
-68.84582758518067 6697.971882138746
-68.84582758518067 6704.534907594431
-68.84582758518067 6710.667319497544
-68.84582758518067 6718.503689311953
-68.84582758518067 6724.827280946699
-68.84582758518067 6733.207355510322
-68.84582758518067 6738.236621788775
-68.84582758518067 6745.206939198763
-68.84582758518067 6748.840123707318
-68.84582758518067 6753.741922079649
-68.84582758518067 6763.73159212113
-68.84582758518067 6766.08023928469
-68.84582758518067 6771.9350492718
-68.84582758518067 6777.281484722882
-68.84582758518067 6786.793818499992
-68.84582758518067 6790.87884439703
-68.84582758518067 6796.387109934641
-68.84582758518067 6801.472662541362
-68.84582758518067 6803.511921970086
-68.84582758518067 6810.850701850179
-68.84582758518067 6816.097988180671
-68.84582758518067 6817.308753498131
-68.84582758518067 6822.1834324519805
-68.84582758518067 6829.273224872526
-68.84582758518067 6836.390074370909
-68.84582758518067 6841.303707445467
-68.84582758518067 6849.718828937161
-68.84582758518067 6852.401285312798
-68.84582758518067 6857.633915965468
-68.84582758518067 6860.805967759752
-68.84582758518067 6863.217917604251
-68.84582758518067 6867.670291962142
-68.84582758518067 6869.4316669440595
-68.84582758518067 6877.594242887576
-68.84582758518067 6885.43565164221
-68.84582758518067 6888.4820045916695
-68.84582758518067 6897.346140015571
-68.84582758518067 6905.071061000897
-68.84582758518067 6914.6508056050125
-68.84582758518067 6922.082683888024
-68.84582758518067 6929.490016424327
-68.84582758518067 6939.227562781949
-68.84582758518067 6947.845043642658
-68.84582758518067 6952.74476955443
-68.84582758518067 6956.639852991243
-68.84582758518067 6961.488933952585
-68.84582758518067 6964.264128957853
-68.84582758518067 6968.112824698068
-68.84582758518067 6971.779740697543
-68.84582758518067 6974.649460687296
-68.84582758518067 6976.867846443693
-68.84582758518067 6980.126632356147
-68.84582758518067 6981.412226086676
-68.84582758518067 6990.379596608594
-68.84582758518067 6994.085976240754
-68.84582758518067 7000.147421832498
-68.84582758518067 7008.290797228154
-68.84582758518067 7018.022211115773
-68.84582758518067 7019.063032235655
-68.84582758518067 7025.9548413765415
-68.84582758518067 7030.837776275306
-68.84582758518067 7040.726239986084
-68.84582758518067 7043.0614257057905
-68.84582758518067 7045.309061868533
-68.84582758518067 7050.207939335671
-68.84582758518067 7053.376049805618
-68.84582758518067 7060.139591459427
-68.84582758518067 7063.974421735279
-68.84582758518067 7066.471437162708
-68.84582758518067 7073.094871796223
-68.84582758518067 7078.424523660774
-68.84582758518067 7085.4118420750565
-68.84582758518067 7092.3109815247435
-68.84582758518067 7102.306579687988
-68.84582758518067 7110.74338187866
-68.84582758518067 7115.1460888859965
-68.84582758518067 7117.438912408668
-68.84582758518067 7119.366737236333
-68.84582758518067 7126.825446411767
-68.84582758518067 7132.247487798378
-68.84582758518067 7139.508317339739
-68.84582758518067 7144.160683402599
-68.84582758518067 7152.436744166161
-68.84582758518067 7157.442226208944
-68.84582758518067 7164.7748705378635
-68.84582758518067 7170.946402750433
-68.84582758518067 7179.9328677647045
-68.84582758518067 7185.378805214031
-68.84582758518067 7190.758262450917
-68.84582758518067 7197.195886453186
-68.84582758518067 7204.699788004799
-68.84582758518067 7209.233787749276
-68.84582758518067 7210.940868813209
-68.84582758518067 7217.212769341637
-68.84582758518067 7222.491901632416
-68.84582758518067 7228.999571258531
-68.84582758518067 7233.298786099054
-68.84582758518067 7236.757653684326
-68.84582758518067 7243.594017857712
-68.84582758518067 7250.111216931395
-68.84582758518067 7255.234075020323
-68.84582758518067 7259.2648900553095
-68.84582758518067 7268.355559975756
-68.84582758518067 7270.864431685783
-68.84582758518067 7278.610457015128
-68.84582758518067 7283.732634779543
-68.84582758518067 7293.1589763219
-68.84582758518067 7298.144500861371
-68.84582758518067 7306.724194215806
-68.84582758518067 7311.731113789924
-68.84582758518067 7319.877048725612
-68.84582758518067 7321.553885761431
-68.84582758518067 7330.399504258237
-68.84582758518067 7332.576132570755
-68.84582758518067 7340.024062871213
-68.84582758518067 7341.119991799834
-68.84582758518067 7348.099463389509
-68.84582758518067 7352.763006653579
-68.84582758518067 7354.714777778881
-68.84582758518067 7364.484347050098
-68.84582758518067 7369.890765030657
-68.84582758518067 7374.700388469687
-68.84582758518067 7377.865813544353
-68.84582758518067 7380.131419742952
-68.84582758518067 7386.562418343164
-68.84582758518067 7392.164610153523
-68.84582758518067 7397.628607416462
-68.84582758518067 7405.857032435816
-68.84582758518067 7408.325634427195
-68.84582758518067 7410.531330728507
-68.84582758518067 7414.14470029477
-68.84582758518067 7416.6956974509285
-68.84582758518067 7422.675792928693
-68.84582758518067 7430.962833056632
-68.84582758518067 7437.3456845118935
-68.84582758518067 7445.012638974835
-68.84582758518067 7448.928714948154
-68.84582758518067 7457.970045601282
-68.84582758518067 7463.7042625841505
-68.84582758518067 7464.832714837333
-68.84582758518067 7469.235964292078
-68.84582758518067 7476.141975404688
-68.84582758518067 7481.607934932643
-68.84582758518067 7482.785741858447
-68.84582758518067 7488.550383601968
-68.84582758518067 7491.273756566948
-68.84582758518067 7493.932600769572
-68.84582758518067 7500.499107538185
-68.84582758518067 7502.555364588999
-68.84582758518067 7509.5311374323455
-68.84582758518067 7514.078996287785
-68.84582758518067 7522.1638383507025
-68.84582758518067 7524.807904337513
-68.84582758518067 7533.722904557251
-68.84582758518067 7540.301255637027
-68.84582758518067 7550.107210045209
-68.84582758518067 7553.488380450496
-68.84582758518067 7555.5262987332335
-68.84582758518067 7564.464104065751
-68.84582758518067 7567.735991087035
-68.84582758518067 7577.221225001126
-68.84582758518067 7579.463002776288
-68.84582758518067 7583.711329611639
-68.84582758518067 7586.050689257714
-68.84582758518067 7590.944124312671
-68.84582758518067 7594.143595613132
-68.84582758518067 7598.480511429935
-68.84582758518067 7602.500673179191
-68.84582758518067 7612.019720350787
-68.84582758518067 7621.555835036474
-68.84582758518067 7625.599733440747
-68.84582758518067 7631.510757233546
-68.84582758518067 7632.6761757200675
-68.84582758518067 7638.22132943359
-68.84582758518067 7641.556784906752
-68.84582758518067 7644.7835219416775
-68.84582758518067 7650.05133743426
-68.84582758518067 7656.4943965107705
-68.84582758518067 7666.02748136426
-68.84582758518067 7671.375939274092
-68.84582758518067 7680.647248332808
-68.84582758518067 7684.956505360529
-68.84582758518067 7687.716106123113
-68.84582758518067 7690.962526989417
-68.84582758518067 7699.847976590567
-68.84582758518067 7701.608992224798
-68.84582758518067 7705.121285353268
-68.84582758518067 7708.105422188423
-68.84582758518067 7715.916087872283
-68.84582758518067 7722.2729618633575
-68.84582758518067 7730.568917851223
-68.84582758518067 7740.400335203156
-68.84582758518067 7747.748778858844
-68.84582758518067 7749.022691167413
-68.84582758518067 7757.830264719881
-68.84582758518067 7760.488180145206
-68.84582758518067 7761.842138051215
-68.84582758518067 7764.086059084947
-68.84582758518067 7773.947234795224
-68.84582758518067 7777.528037007609
-68.84582758518067 7782.111203056635
-68.84582758518067 7786.717902545159
-68.84582758518067 7796.028090681909
-68.84582758518067 7797.798551049189
-68.84582758518067 7801.019402450372
-68.84582758518067 7808.866780442811
-68.84582758518067 7813.9322311163605
-68.84582758518067 7823.343095312513
-68.84582758518067 7827.951067493655
-68.84582758518067 7831.731975305897
-68.84582758518067 7835.138235394301
-68.84582758518067 7841.672018087168
-68.84582758518067 7846.175332774423
-68.84582758518067 7856.128827500497
-68.84582758518067 7861.007939824742
-68.84582758518067 7864.762810309841
-68.84582758518067 7869.2802849645495
-68.84582758518067 7873.203083322953
-68.84582758518067 7879.367177354022
-68.84582758518067 7885.389350609637
-68.84582758518067 7888.953820109887
-68.84582758518067 7896.800736344423
-68.84582758518067 7898.97676138361
-68.84582758518067 7905.149134171988
-68.84582758518067 7914.538971770836
-68.84582758518067 7917.976983759419
-68.84582758518067 7923.997249508353
-68.84582758518067 7932.442065750281
-68.84582758518067 7941.792510080349
-68.84582758518067 7946.860617991088
-68.84582758518067 7948.12606986768
-68.84582758518067 7957.564490278785
-68.84582758518067 7958.797193483795
-68.84582758518067 7960.444227228982
-68.84582758518067 7965.718148578553
-68.84582758518067 7968.830689015109
-68.84582758518067 7973.827979716634
-68.84582758518067 7977.3160305731
-68.84582758518067 7984.09096531222
-68.84582758518067 7993.075512966232
-68.84582758518067 8000.27565704261
-68.84582758518067 8001.417452527637
-68.84582758518067 8003.667588586517
-68.84582758518067 8007.807711116428
-68.84582758518067 8009.586243653167
-68.84582758518067 8015.615497679841
-68.84582758518067 8023.301629406053
-68.84582758518067 8026.514622851325
-68.84582758518067 8029.288109726516
-68.84582758518067 8031.548631571012
-68.84582758518067 8034.484579483462
-68.84582758518067 8042.813897639799
-68.84582758518067 8050.259900549962
-68.84582758518067 8058.522208537566
-68.84582758518067 8060.209477141088
-68.84582758518067 8069.363560936737
-68.84582758518067 8074.896388861416
-68.84582758518067 8077.465391332962
-68.84582758518067 8081.112227027012
-68.84582758518067 8083.325630761804
-68.84582758518067 8089.772286800321
-68.84582758518067 8096.4400788438425
-68.84582758518067 8106.012352868506
-68.84582758518067 8109.21750953963
-68.84582758518067 8115.616376620923
-68.84582758518067 8120.172292698967
-68.84582758518067 8123.854486552404
-68.84582758518067 8127.784697053874
-68.84582758518067 8136.188793503879
-68.84582758518067 8137.628824626655
-68.84582758518067 8146.207803540772
-68.84582758518067 8149.962515308393
-68.84582758518067 8157.10526156731
-68.84582758518067 8162.88945533494
-68.84582758518067 8165.870960818304
-68.84582758518067 8170.295889232628
-68.84582758518067 8171.8383773229225
-68.84582758518067 8181.292394409332
-68.84582758518067 8190.527894441595
-68.84582758518067 8195.54871233396
-68.84582758518067 8198.193255587234
-68.84582758518067 8203.095989424355
-68.84582758518067 8209.011211364254
-68.84582758518067 8217.504506015703
-68.84582758518067 8227.051368584614
-68.84582758518067 8232.72312539117
-68.84582758518067 8234.759103371967
-68.84582758518067 8237.275684093118
-68.84582758518067 8246.570815660682
-68.84582758518067 8253.97987567071
-68.84582758518067 8261.670952613005
-68.84582758518067 8265.915324109543
-68.84582758518067 8271.236655074226
-68.84582758518067 8272.839772409709
-68.84582758518067 8273.96102456364
-68.84582758518067 8281.98150124712
-68.84582758518067 8284.044217740864
-68.84582758518067 8289.833948422698
-68.84582758518067 8294.46809358473
-68.84582758518067 8300.951872257987
-68.84582758518067 8302.327199579868
-68.84582758518067 8306.179726729673
-68.84582758518067 8308.439115635198
-68.84582758518067 8314.273309281825
-68.84582758518067 8322.875442136854
-68.84582758518067 8325.457248352988
-68.84582758518067 8333.163081113613
-68.84582758518067 8341.635625436033
-68.84582758518067 8346.335293839109
-68.84582758518067 8353.960560896337
-68.84582758518067 8356.238391509181
-68.84582758518067 8361.887941492752
-68.84582758518067 8371.468780021338
-68.84582758518067 8372.642383276441
-68.84582758518067 8374.984080096574
-68.84582758518067 8383.958171740733
-68.84582758518067 8391.879303895063
-68.84582758518067 8397.493634979188
-68.84582758518067 8405.151021986283
-68.84582758518067 8414.543348207799
-68.84582758518067 8422.647923710952
-68.84582758518067 8426.432111717239
-68.84582758518067 8434.64550506127
-68.84582758518067 8437.894814514068
-68.84582758518067 8440.45280926824
-68.84582758518067 8447.060485773904
-68.84582758518067 8450.410079479021
-68.84582758518067 8456.362851425702
-68.84582758518067 8463.075543689973
-68.84582758518067 8464.227014489672
-68.84582758518067 8473.088905967108
-68.84582758518067 8480.384396103278
-68.84582758518067 8483.441129944807
-68.84582758518067 8485.889085388664
-68.84582758518067 8487.572064872393
-68.84582758518067 8495.158223021266
-68.84582758518067 8501.261055860943
-68.84582758518067 8510.822835585606
-68.84582758518067 8515.893926984783
-68.84582758518067 8522.933011813057
-68.84582758518067 8524.801225163676
-68.84582758518067 8530.562645765207
-68.84582758518067 8534.059525417342
-68.84582758518067 8538.742678739376
-68.84582758518067 8542.420927991747
-68.84582758518067 8545.897490562988
-68.84582758518067 8548.861582198644
-68.84582758518067 8557.274997121287
-68.84582758518067 8562.161031283238
-68.84582758518067 8567.564114936502
-68.84582758518067 8570.180128548138
-68.84582758518067 8577.343132255533
-68.84582758518067 8582.805300159573
-68.84582758518067 8585.204877563914
-68.84582758518067 8586.413109885896
-68.84582758518067 8593.542951692438
-68.84582758518067 8601.084646312718
-68.84582758518067 8608.802407661928
-68.84582758518067 8615.010968422466
-68.84582758518067 8617.910225357142
-68.84582758518067 8625.721233021337
-68.84582758518067 8632.696695042607
-68.84582758518067 8638.435953592374
-68.84582758518067 8646.149220108115
-68.84582758518067 8649.806092031304
-68.84582758518067 8655.033794732042
-68.84582758518067 8661.222841702538
-68.84582758518067 8670.726952307989
-68.84582758518067 8678.83844772723
-68.84582758518067 8685.063877430528
-68.84582758518067 8689.362176876553
-68.84582758518067 8699.262299191292
-68.84582758518067 8703.1277681181
-68.84582758518067 8708.505018809796
-68.84582758518067 8709.908058938228
-68.84582758518067 8717.602829453346
-68.84582758518067 8720.62354240106
-68.84582758518067 8722.562063937357
-68.84582758518067 8729.445196740911
-68.84582758518067 8738.090560189756
-68.84582758518067 8745.376036777317
-68.84582758518067 8755.102755657841
-68.84582758518067 8758.24341789163
-68.84582758518067 8764.632007969976
-68.84582758518067 8770.402396832034
-68.84582758518067 8778.37625529485
-68.84582758518067 8787.622091927207
-68.84582758518067 8797.232640128286
-68.84582758518067 8806.95813813157
-68.84582758518067 8814.57416164501
-68.84582758518067 8821.063157215736
-68.84582758518067 8828.553836250298
-68.84582758518067 8831.91973300167
-68.84582758518067 8839.990126868299
-68.84582758518067 8848.702523059881
-68.84582758518067 8854.407417562166
-68.84582758518067 8860.210845756323
-68.84582758518067 8861.280165493667
-68.84582758518067 8871.20300363365
-68.84582758518067 8874.529525299782
-68.84582758518067 8880.459190692209
-68.84582758518067 8881.546793538771
-68.84582758518067 8888.670570745273
-68.84582758518067 8890.408578382016
-68.84582758518067 8899.791981902283
-68.84582758518067 8907.090215017675
-68.84582758518067 8909.895408669823
-68.84582758518067 8917.85802252558
-68.84582758518067 8920.984961255901
-68.84582758518067 8928.053194458293
-68.84582758518067 8929.983657195784
-68.84582758518067 8939.35824482498
-68.84582758518067 8944.8665811728
-68.84582758518067 8954.320173513588
-68.84582758518067 8958.64839532049
-68.84582758518067 8961.289975536947
-68.84582758518067 8963.455250173472
-68.84582758518067 8973.368950680997
-68.84582758518067 8976.349991065286
-68.84582758518067 8978.31464188714
-68.84582758518067 8981.024087437754
-68.84582758518067 8988.903357711224
-68.84582758518067 8996.791432150905
-68.84582758518067 8999.687165137088
-68.84582758518067 9002.047823546394
-68.84582758518067 9004.87149445251
-68.84582758518067 9010.2281918447
-68.84582758518067 9012.885682049884
-68.84582758518067 9018.37696863509
-68.84582758518067 9022.13883276456
-68.84582758518067 9028.748242620986
-68.84582758518067 9033.691312767001
-68.84582758518067 9035.331081315537
-68.84582758518067 9036.800040545906
-68.84582758518067 9046.326422542506
-68.84582758518067 9051.07210899324
-68.84582758518067 9056.183728183343
-68.84582758518067 9062.434419048892
-68.84582758518067 9064.056247059098
-68.84582758518067 9068.907109167818
-68.84582758518067 9071.571134506205
-68.84582758518067 9080.022985785166
-68.84582758518067 9089.07044097729
-68.84582758518067 9092.351085282051
-68.84582758518067 9096.867731273549
-68.84582758518067 9105.519938462861
-68.84582758518067 9109.456954281679
-68.84582758518067 9115.318833980979
-68.84582758518067 9118.13074782951
-68.84582758518067 9122.696951836286
-68.84582758518067 9130.153594582493
-68.84582758518067 9133.476579400645
-68.84582758518067 9134.91073250418
-68.84582758518067 9144.660610102756
-68.84582758518067 9147.043044853475
-68.84582758518067 9148.414810525092
-68.84582758518067 9155.879666815117
-68.84582758518067 9158.68972200656
-68.84582758518067 9167.76197560979
-68.84582758518067 9176.215422436202
-68.84582758518067 9177.236399479536
-68.84582758518067 9184.893924114924
-68.84582758518067 9190.674171635581
-68.84582758518067 9198.668667003609
-68.84582758518067 9202.076302051002
-68.84582758518067 9203.626068675478
-68.84582758518067 9206.792748245649
-68.84582758518067 9214.24737561749
-68.84582758518067 9223.517106533134
-68.84582758518067 9224.995918963976
-68.84582758518067 9226.720884954937
-68.84582758518067 9231.78219882021
-68.84582758518067 9234.21008667317
-68.84582758518067 9235.907196440665
-68.84582758518067 9240.471973975315
-68.84582758518067 9245.646473724406
-68.84582758518067 9255.172280233573
-68.84582758518067 9262.947359897038
-68.84582758518067 9264.86575514155
-68.84582758518067 9271.001867172658
-68.84582758518067 9279.543421929433
-68.84582758518067 9284.074525601996
-68.84582758518067 9285.94868995093
-68.84582758518067 9293.450767993181
-68.84582758518067 9302.096747069298
-68.84582758518067 9304.73155451664
-68.84582758518067 9311.239080676556
-68.84582758518067 9314.503649082819
-68.84582758518067 9324.211554628313
-68.84582758518067 9330.92957658884
-68.84582758518067 9338.16366484073
-68.84582758518067 9339.85443292449
-68.84582758518067 9343.057533582594
-68.84582758518067 9352.319333984993
-68.84582758518067 9360.819389936596
-68.84582758518067 9363.279569687169
-68.84582758518067 9366.196441156819
-68.84582758518067 9367.96710673954
-68.84582758518067 9377.268073521878
-68.84582758518067 9379.107277146073
-68.84582758518067 9384.277792462102
-68.84582758518067 9387.8960151445
-68.84582758518067 9392.316321404245
-68.84582758518067 9394.058462345924
-68.84582758518067 9400.025378466342
-68.84582758518067 9406.33076916045
-68.84582758518067 9412.678616112362
-68.84582758518067 9416.172929949158
-68.84582758518067 9419.107986232722
-68.84582758518067 9425.570978879407
-68.84582758518067 9427.929852714697
-68.84582758518067 9432.927363677036
-68.84582758518067 9437.271555383855
-68.84582758518067 9444.841401516223
-68.84582758518067 9447.089570236987
-68.84582758518067 9452.668289139596
-68.84582758518067 9454.567514886881
-68.84582758518067 9459.488302305353
-68.84582758518067 9467.195487299336
-68.84582758518067 9471.73044865276
-68.84582758518067 9474.510561006344
-68.84582758518067 9478.567627238264
-68.84582758518067 9487.302502263625
-68.84582758518067 9495.833246527267
-68.84582758518067 9505.814954195737
-68.84582758518067 9512.76710869901
-68.84582758518067 9520.625105781743
-68.84582758518067 9523.345131115586
-68.84582758518067 9527.931593872945
-68.84582758518067 9532.692687428129
-68.84582758518067 9536.794357936365
-68.84582758518067 9545.019319223915
-68.84582758518067 9554.230268727651
-68.84582758518067 9562.792738992805
-68.84582758518067 9569.569375426949
-68.84582758518067 9577.666924751344
-68.84582758518067 9583.294757918162
-68.84582758518067 9592.585765996153
-68.84582758518067 9593.75530554888
-68.84582758518067 9595.75624733911
-68.84582758518067 9599.271768233268
-68.84582758518067 9602.318289512063
-68.84582758518067 9612.129864242743
-68.84582758518067 9620.999408717062
-68.84582758518067 9623.115822668216
-68.84582758518067 9627.954350466665
-68.84582758518067 9636.276063507163
-68.84582758518067 9644.432100256681
-68.84582758518067 9651.181212265694
-68.84582758518067 9654.330204105989
-68.84582758518067 9664.080960222433
-68.84582758518067 9665.207608909564
-68.84582758518067 9666.878452470115
-68.84582758518067 9673.963415423812
-68.84582758518067 9681.64193260748
-68.84582758518067 9690.448258895718
-68.84582758518067 9700.439475853605
-68.84582758518067 9705.171462500664
-68.84582758518067 9707.002593579156
-68.84582758518067 9711.25658983551
-68.84582758518067 9715.294255708668
-68.84582758518067 9722.908395105147
-68.84582758518067 9729.760741679922
-68.84582758518067 9732.195696568147
-68.84582758518067 9734.928997496914
-68.84582758518067 9744.311292124588
-68.84582758518067 9754.088381368754
-68.84582758518067 9756.031458080857
-68.84582758518067 9757.777313395296
-68.84582758518067 9764.315758660807
-68.84582758518067 9769.516212480454
-68.84582758518067 9770.877260868841
-68.84582758518067 9774.120127768774
-68.84582758518067 9783.989234979044
-68.84582758518067 9786.59320237708
-68.84582758518067 9791.591735685706
-68.84582758518067 9797.050598864536
-68.84582758518067 9798.2178281479
-68.84582758518067 9805.702483702877
-68.84582758518067 9814.958339272294
-68.84582758518067 9821.047376206581
-68.84582758518067 9823.690264215613
-68.84582758518067 9830.338747095975
-68.84582758518067 9833.771877977435
-68.84582758518067 9836.347101651792
-68.84582758518067 9837.8898014327
-68.84582758518067 9842.517254040471
-68.84582758518067 9846.555710101955
-68.84582758518067 9847.974972933853
-68.84582758518067 9851.172822631508
-68.84582758518067 9852.485123814175
-68.84582758518067 9861.77788453833
-68.84582758518067 9864.515840951413
-68.84582758518067 9866.414465454834
-68.84582758518067 9869.209895188624
-68.84582758518067 9870.430601591948
-68.84582758518067 9875.22218339065
-68.84582758518067 9879.999485448066
-68.84582758518067 9887.566790849707
-68.84582758518067 9894.340905441655
-68.84582758518067 9903.903552176918
-68.84582758518067 9913.369934927277
-68.84582758518067 9916.186156633572
-68.84582758518067 9922.537695185427
-68.84582758518067 9926.228958683718
-68.84582758518067 9930.895679146643
-68.84582758518067 9935.908348413544
-68.84582758518067 9940.769993140528
-68.84582758518067 9950.06351768209
-68.84582758518067 9951.112972546967
-68.84582758518067 9956.223535301606
-68.84582758518067 9962.050061569993
-68.84582758518067 9964.468508139063
-68.84582758518067 9972.817585225777
-68.84582758518067 9975.78779381414
-68.84582758518067 9983.92652144549
-68.84582758518067 9992.205014602863
-68.84582758518067 9998.193297844313
-68.84582758518067 10000.369211399206
-68.84582758518067 10010.03458450625
-68.84582758518067 10015.161523561967
-68.84582758518067 10021.287771233532
-68.84582758518067 10023.413141994439
-68.84582758518067 10030.374347360772
-68.84582758518067 10036.741171881768
-68.84582758518067 10038.040532903357
-68.84582758518067 10041.663771727583
-68.84582758518067 10049.503019860265
-68.84582758518067 10050.872974597567
-68.84582758518067 10056.319080173438
-68.84582758518067 10061.096211724762
-68.84582758518067 10068.102967369347
-68.84582758518067 10075.832065251048
-68.84582758518067 10081.930904346855
-68.84582758518067 10087.43749996114
-68.84582758518067 10091.676134380212
-68.84582758518067 10093.102758505547
-68.84582758518067 10098.573989177157
-68.84582758518067 10107.094745940885
-68.84582758518067 10112.32827292414
-68.84582758518067 10118.9216826441
-68.84582758518067 10124.047206082625
-68.84582758518067 10129.173248207566
-68.84582758518067 10131.664767334025
-68.84582758518067 10139.741092513135
-68.84582758518067 10143.100587208382
-68.84582758518067 10145.626276663083
-68.84582758518067 10148.008248067883
-68.84582758518067 10150.254403145556
-68.84582758518067 10156.971779558538
-68.84582758518067 10161.087518681565
-68.84582758518067 10166.742379765274
-68.84582758518067 10175.006043031372
-68.84582758518067 10181.066523425772
-68.84582758518067 10189.086488338111
-68.84582758518067 10197.74311802379
-68.84582758518067 10203.57823512392
-68.84582758518067 10212.286976291723
-68.84582758518067 10217.241136798837
-68.84582758518067 10219.818814150633
-68.84582758518067 10224.328298328035
-68.84582758518067 10226.596806527441
-68.84582758518067 10229.350772572192
-68.84582758518067 10231.669588567269
-68.84582758518067 10241.45424934738
-68.84582758518067 10243.784726413067
-68.84582758518067 10252.683872985468
-68.84582758518067 10258.713881284393
-68.84582758518067 10265.488809465609
-68.84582758518067 10271.542654380844
-68.84582758518067 10274.880171905663
-68.84582758518067 10279.58284485276
-68.84582758518067 10287.111893129404
-68.84582758518067 10292.664014621576
-68.84582758518067 10296.210015980496
-68.84582758518067 10304.743533554803
-68.84582758518067 10305.911403617127
-68.84582758518067 10306.961490242633
-68.84582758518067 10313.721528476288
-68.84582758518067 10317.196939531297
-68.84582758518067 10324.070183876007
-68.84582758518067 10329.31269480316
-68.84582758518067 10332.323049110231
-68.84582758518067 10341.236168428124
-68.84582758518067 10346.607842257883
