50
935 961 1095 955 918 1272 953 1309 1160 1404 1311 1220 1305 1244 995 929 1366 1314 1397 966 1409 1122 937 1151 1027 1078 1069 1193 1224 1338 1154 1322 1123 1125 968 1200 1407 1389 1031 1166 932 1023 1211 1316 994 1139 1311 1144 1297 1021 
981 1016 945 918 1009 1156 1399 1252 925 1326 1058 1054 913 1352 1402 1192 1346 1139 1257 1088 1282 1083 1154 956 1161 1144 1268 1105 1114 1015 925 1405 1223 1191 950 1137 1219 1074 1215 979 1030 1149 1320 1308 1379 1100 980 1069 996 933 
1382 1321 995 1252 1290 1324 1026 1239 1400 1329 1058 972 1016 1160 912 1253 1329 1223 1263 1148 1063 1002 1335 1354 974 1153 1035 1077 1232 1316 1234 1139 1298 938 1242 1278 933 1360 1127 1068 1121 1016 1112 1353 1373 1404 1302 1389 928 1225 
1323 1296 1095 1173 997 1193 929 1102 1136 969 1120 1263 1091 1347 1045 1091 983 1178 1362 1266 1159 999 1204 1327 1200 1382 1271 1391 1052 948 927 1089 1367 1009 1111 1291 1220 1269 1394 1297 1272 1130 1142 1281 1164 941 954 1313 1382 1288 
924 1294 1325 1262 1193 1180 1044 1141 976 1261 926 959 1042 1165 1386 1204 1159 1031 1274 1299 1171 1216 1233 1200 1371 1410 1140 1004 1344 1016 928 1017 1040 1150 928 1249 1312 1315 1370 1176 1098 1225 1066 966 1053 1369 953 1261 934 1190 
1327 1224 1348 1170 1181 1409 996 1293 935 1108 947 987 1133 970 1209 978 1313 1298 932 1357 1370 1222 1188 1270 1250 1247 1243 1159 1139 1141 917 959 1342 1174 1039 1007 1005 1241 928 985 1160 1310 1285 1175 979 1056 1377 1081 1326 1322 
1076 966 1244 1306 1220 1241 974 1257 1395 1020 1039 1097 1344 968 1015 968 1256 1402 985 1210 919 1391 1278 999 948 1079 1208 1138 1288 1284 1093 1029 1053 1186 1320 1100 1193 1046 1382 1348 1371 1054 1004 1043 1030 1019 1025 1172 1062 1125 
1252 1357 1307 919 1045 1124 1152 1248 918 1300 1296 1107 1193 946 1002 961 1380 1327 1280 948 1133 1184 1286 1158 1094 1080 1012 1288 1094 1316 1122 1023 1086 986 1282 1212 1040 1288 1004 998 1157 1303 1258 1196 959 1284 1037 1111 1237 975 
939 1401 1229 1364 1031 1227 1171 998 1107 1378 965 1140 1329 1269 934 1110 1312 1077 1101 1360 1309 910 1073 1123 1045 1204 1234 1247 1261 1050 1199 1350 1345 956 1040 912 1043 1198 1238 1113 1319 1052 1032 915 1121 957 1044 1372 1349 1034 
940 976 1105 1288 1057 1304 1375 1118 1311 1299 1313 1168 972 1007 1360 1225 1046 1061 1218 1008 1300 923 1290 1271 1288 1151 1112 1129 1229 1252 1210 1301 1151 1294 1215 1129 1320 933 1137 926 1317 1210 912 1308 1121 1051 1403 1403 1187 1165 
912 1247 945 1188 1336 1320 1206 1095 1373 1039 1301 1176 1093 1175 991 1107 1331 916 1305 1089 1279 912 1222 1209 1032 1145 1145 912 924 1027 955 1095 1330 1180 1011 1060 1077 1330 1027 1370 1326 1267 929 1032 1376 1269 957 1088 1030 1125 
1314 1033 1349 1301 1173 1283 1155 1160 1017 1365 1196 1155 1270 1139 1167 1095 1132 1187 1202 1084 1397 1341 961 1249 1134 1130 1148 1077 993 1032 1004 1170 1001 1272 966 1097 1344 1193 1149 1246 1394 1279 1071 1126 1211 1119 936 1334 949 1311 
1197 1035 1181 1343 912 1021 1073 1215 1387 1375 1404 1114 1381 1022 1033 1374 1338 1176 913 1050 1255 1332 1263 1364 1145 1121 1146 1323 1084 1255 971 1126 1329 1315 1145 1362 1271 1051 1017 1085 1282 1306 1299 1283 995 1133 1254 1043 1410 1089 
943 1068 970 1404 1208 1151 1055 1111 1379 915 1070 1319 1272 1100 1381 1037 988 977 918 968 1239 973 1353 1022 1407 1279 952 1118 1130 1166 1024 1373 1055 982 1246 943 1342 1325 1101 1063 1157 911 1104 1264 984 1006 964 1114 1288 1260 
1157 1166 1099 1177 1118 934 1409 1136 1085 1099 1172 1293 1123 1318 1099 1307 1298 1339 1399 1299 1316 1276 1172 1225 1022 1142 1073 925 1018 1295 947 1100 1339 1377 1001 1092 1084 1040 1263 1145 941 1255 1236 1262 1200 1157 1136 1267 1161 1372 
1380 1055 1117 994 917 1053 953 1329 1138 940 1225 1090 1344 1192 1170 1348 1371 1094 1315 1051 1221 1316 1034 1217 1012 1129 1279 1229 1405 1086 984 1100 982 1300 1312 1187 959 1012 919 1004 1264 1029 1163 923 951 1228 969 1111 1254 1379 
1166 1196 932 997 1049 1139 1048 1035 1036 1345 1234 1215 1273 1008 1408 984 1008 1205 1379 958 983 1139 1221 1406 952 1071 1128 1057 1139 1200 1184 1295 1333 1286 1190 1339 946 1069 1374 1169 1265 1353 1052 1149 1120 1257 1201 1120 945 1024 
1161 1298 1024 1386 1049 1031 1062 982 1373 1352 1039 1336 1123 966 1001 917 1040 1252 993 1241 1340 1073 969 1074 1003 1219 1070 961 928 1346 1212 1019 1216 1093 1308 1157 1225 1049 1340 1325 996 922 965 1013 1175 1250 1377 1254 946 1115 
965 1032 1192 1279 1157 1346 1350 1007 1032 1193 1257 1145 935 1008 915 1163 1028 1364 1025 1409 1189 962 1088 1165 1172 1229 1346 983 1011 920 1109 1227 1342 1383 1404 1157 1108 1142 1406 1295 1094 1067 1219 1341 1140 1121 1160 1247 1111 1122 
1027 1264 1069 978 1074 936 1403 1098 984 1308 1325 1168 1050 918 1374 972 1391 1229 1213 1263 941 1287 1259 1220 1168 953 1189 1346 1101 1405 1112 1187 1251 1176 1134 1241 958 1026 1009 926 1209 1206 1144 1213 967 1005 931 1183 1068 1109 
1367 946 1304 974 1162 1390 1056 1195 1389 1354 1130 1390 1391 1376 1119 1096 1270 1143 1117 1137 1168 1224 1270 1375 1063 1267 1180 935 941 1249 1058 1389 1172 925 1391 1343 984 1176 1115 1153 1360 1347 1021 1018 1031 1229 1039 1306 1360 1066 
956 1084 1202 913 1246 1133 935 1398 1097 1115 915 1209 1245 1149 1374 1306 1400 951 1321 1157 1083 1209 924 1114 967 1121 1297 976 1409 978 1345 1279 1194 987 1216 922 982 1168 1277 1034 1168 1015 1168 1260 1009 1177 1410 1306 1031 1410 
1085 1090 1342 1360 1263 1030 1054 1068 1257 1200 926 1070 1258 1160 1036 1406 1186 1391 1373 1253 918 1359 1211 1151 1339 1189 954 985 1187 1340 1310 1194 1387 1298 1374 1079 1187 1008 1287 1095 1144 1055 1281 1232 936 1043 1239 1115 1260 1390 
1051 1180 976 934 1298 1018 1171 1405 942 971 925 1002 1213 1368 1341 914 1033 933 1083 1366 985 1002 1208 1175 1407 1058 1376 1360 1234 1317 1192 1129 1373 1250 1393 1367 1184 1216 1055 1000 954 1169 971 1054 1368 1118 990 1023 970 1172 
1073 1378 1122 1301 1132 1283 914 1271 1103 1159 1069 952 1195 1404 1134 1032 980 1322 1410 1087 1130 1039 1235 1349 1039 1239 1175 971 1211 988 991 1248 1378 1223 1198 1151 934 1033 1096 1045 1165 1045 1301 991 1259 1409 1325 1125 1261 965 
1142 920 1123 1100 1382 1333 1136 1294 1377 1326 1008 994 1334 1259 1046 946 1271 1280 1287 940 972 1246 1185 921 1046 1193 1003 1221 1359 1060 1027 967 1193 1206 1346 1156 1180 1094 1147 1003 977 1358 1159 1179 971 1150 1092 1040 1409 926 
1084 1163 1140 948 1280 1311 1332 1174 932 1186 998 1106 1266 1126 1157 1203 995 1166 1245 1403 1343 1297 1003 1256 1232 953 1253 1406 1377 1292 968 1099 971 1045 1233 1295 1187 1060 1301 1384 1298 933 992 1316 1145 1092 1113 1310 912 1232 
1299 963 1240 1063 1012 1344 1094 1211 1045 1125 1143 1199 1240 1180 1037 1135 1269 1045 1209 970 1298 1183 1342 1236 1293 1286 1140 1231 1124 994 1151 1348 1148 1066 915 1137 1281 1202 1171 1321 1203 1401 1016 975 1222 1285 1301 966 1021 1163 
1064 1303 961 1078 1195 964 953 996 1132 936 1318 1286 1306 1270 1368 961 1014 1235 1014 1365 958 1405 1308 923 1248 1244 1095 1085 1343 994 946 1310 1385 1248 1088 1228 1045 1108 1391 1079 1191 1007 1069 1365 1336 943 1193 920 1115 1250 
1025 1223 1083 943 1255 1168 1251 1264 976 1140 1237 1128 1406 1230 1106 1208 1045 1084 1181 1223 1191 1124 1124 1237 1370 1025 1008 976 1025 1264 1029 1018 982 1117 1195 1125 974 1263 1119 1136 1248 1184 1361 1131 1122 1057 1293 917 1203 1341 
1395 1041 1390 1043 945 1263 1395 1383 1208 1385 1309 1262 1295 1298 1338 1380 1053 1388 920 1156 1127 1197 1131 1019 1185 1071 989 923 1277 917 1029 1129 1145 1225 1277 951 1237 1331 1218 1212 1393 1218 1129 1335 999 1284 1292 1109 1288 1385 
1284 1189 1084 952 1203 1156 1009 998 1137 1194 1193 1352 1407 920 1223 1257 925 1378 928 1020 1028 1048 1114 1188 910 911 1328 941 1212 1353 1365 1363 1284 1330 1027 1288 1171 991 1096 1394 1338 917 1327 954 1298 1315 1301 1369 1244 1001 
1013 1309 975 1252 913 1081 1057 1322 1094 918 976 1143 1305 1103 1359 1112 1132 1398 1205 1261 1221 1241 1391 1242 1078 1199 1195 1133 932 1158 1102 1169 1069 1049 1166 1037 1147 1171 1313 1337 920 1009 1080 1033 1370 1163 1034 1089 1204 960 
1206 1001 981 1087 1296 1180 977 1281 1101 1187 1329 962 954 1083 1127 970 1367 1409 1309 1365 1369 1006 1280 1210 1167 1054 1162 945 1376 1295 1153 1332 1119 1263 1018 1161 1351 1213 1043 1352 1323 1396 1316 1014 998 1162 1278 948 1241 1267 
1377 1134 1221 1312 1236 1380 1243 1122 1275 1032 1399 1312 1118 1384 1119 1143 1075 1354 1408 998 1030 1257 1168 911 1246 931 1161 1181 1375 1377 963 1122 1363 1002 1137 1019 1198 1044 1388 953 1052 1220 1032 1172 1287 998 1077 1305 1138 1024 
1000 1242 1187 1233 1122 1088 945 1286 1386 931 1328 993 1116 1361 1041 1107 1301 1154 1092 1007 1252 1072 1126 1200 1062 954 1145 1133 1151 1261 1261 1117 1047 1088 1276 1358 1381 1410 1069 970 1131 1137 1129 1188 1334 1020 947 1205 1359 1404 
1167 1370 1247 1014 1006 1093 1077 1159 976 978 1355 1393 1304 944 1278 1343 1254 1157 1104 1351 1292 1308 983 1002 935 1325 1078 1230 1383 1027 1324 1241 1280 972 1329 1109 941 1318 1316 1130 952 1248 934 1354 1140 1211 1081 1110 1383 1087 
911 1343 1250 1359 977 1361 1273 1130 1134 968 1284 1373 1277 1093 921 915 1119 1315 1043 1352 1342 1207 1022 954 1084 1175 1253 1386 1019 977 925 1317 989 1064 1231 945 1267 1280 1151 927 1330 1232 1369 1233 918 928 956 1399 1070 1029 
1221 1384 1172 1326 994 962 1176 1276 992 1355 1009 1007 1069 1261 914 987 1377 1334 1066 1001 1178 1021 1022 1313 1269 1293 1121 1306 1032 1223 986 1376 1342 957 1206 929 1243 1044 1161 1100 958 1055 1029 1376 958 985 1353 923 1048 1215 
1105 981 1156 1140 1173 1336 1168 923 968 937 1110 1360 1291 931 1390 1095 1041 1280 1013 1052 1230 983 1069 1300 1171 1218 1314 1261 1171 1311 1151 1379 1193 1347 937 1155 1309 1373 1068 979 1132 1307 988 1283 1345 1075 1373 1385 1371 1273 
1063 1233 1103 1185 1249 1224 974 1059 1351 949 928 1312 1212 1364 1297 1154 1087 1279 1122 979 1017 1048 915 1253 1219 1383 1065 1229 1280 919 1223 1164 1313 1331 1128 975 985 981 1028 1309 1095 949 1255 1231 1168 983 1020 1165 1178 1319 
1175 1180 1105 1115 1040 1156 1084 1058 1254 1173 923 1283 919 994 1163 1195 1094 1388 1212 1112 1061 1028 1167 1023 934 1067 1068 932 1358 1115 1347 1298 1278 1371 1009 1359 1143 1014 1354 954 1029 1387 1238 974 1275 1032 1199 1282 1239 1180 
1325 1329 961 1293 1101 1350 1399 1407 1099 981 995 1106 1009 1071 1291 1087 918 1035 1370 1003 1391 915 1287 1153 1403 1386 1131 1128 1045 1283 1186 915 1393 1013 1297 1114 1081 993 1299 1184 1069 1120 1018 1406 1178 1246 1012 1217 1329 1168 
921 1016 1126 1353 1005 965 1184 1343 1077 1142 1288 1350 923 1378 1016 1083 1045 1225 1052 1408 927 1172 948 1269 1282 1080 1287 1136 1122 976 934 1178 1164 1009 1127 1343 1137 1305 1354 1278 982 1144 1353 1325 1223 1206 1005 938 1281 1401 
1380 1187 1185 981 1183 1280 1208 1084 1408 1275 1316 1063 1384 948 1234 965 1354 988 975 1160 1381 1407 1364 1121 927 1064 1245 971 1403 1030 960 1346 1089 1157 1001 1018 1327 1310 997 1205 1140 989 926 1098 1017 1272 1018 1255 1330 1291 
1301 967 1223 1380 1203 1044 1170 1316 1361 1046 1019 929 1360 921 1250 1008 914 1088 1245 1262 980 1156 998 1341 938 938 1265 984 1310 1281 1066 1055 1287 1232 1029 1019 1320 1286 1127 1290 967 1203 928 1340 1070 1136 1310 1268 1166 1406 
1220 1229 1315 1246 1304 1185 1283 1170 1387 1281 1251 984 1003 1198 1329 1306 1152 1133 1069 1409 1369 1099 1033 1308 1046 1011 1259 1359 1117 1251 963 1046 1327 1222 1023 922 1106 1041 1009 1139 1178 1305 1232 1240 960 1110 1303 1041 1184 1282 
1228 1062 1400 954 1056 1278 998 939 1012 1360 1346 1179 1155 1070 970 1044 1082 1356 1136 994 1137 1094 1197 1314 1032 1028 1397 1366 1328 960 1142 950 931 1378 947 1389 1220 1293 912 1070 1125 1041 974 1214 973 1261 1022 1123 979 940 
1178 996 1396 1385 950 1039 1248 996 1144 1158 1247 1230 949 1239 1162 1346 1337 919 1110 1151 1310 1049 975 1161 1073 985 1193 995 1213 1326 1161 1370 1039 1293 1095 1289 1344 1122 1008 943 1385 916 957 1214 1240 1060 1207 1263 1230 978 
949 1368 1333 1284 1123 1353 957 1364 1026 1025 1377 1061 1314 1250 1221 1225 1202 1295 1081 1026 1345 1312 1332 1197 943 1181 993 1314 1383 913 970 942 1297 931 1260 1091 1166 1320 1380 1347 1004 1039 1354 1258 1099 1063 1078 1228 1059 987 
